84 43
88576 4481 64726 42854 59449 1570 31693 35992 969 2893 50757 1793 88462 61685 95977 29041 56882 41746 96675 8059 37885 66048 83856 99385 87315 79211 72122 17255 80896 80205 18097 85823 1038 99175 45028 76838 744 76720 29181 1712 79613 79937 19856 84426 57974 15832 29818 31207 57577 42844 39265 11813 8891 39472 11198 12557 35035 99671 29811 15930 79875 64259 18105 97264 79785 63132 74101 80528 56204 3282 98591 35816 99570 18446 36593 57543 50630 82762 88750 8206 25605 44366 36371 50847
83838 47568 63403 18872 63590 9565 51153 43464 73823 69257 40728 53608 48741 14828 50487 4944 34461 65430 57111 34031 227 93703 91573 50856 76464 80322 75414 18420 24688 11784 69266 24877 75703 32668 43748 39292 42232 11252 99107 32406 80509 39834 86013 29249 71014 36500 50544 21826 18281 7654 55856 18507 17708 47429 69363 94171 44102 61128 28942 85141 72911 98207 26369 64965 47226 70116 4256 5809 97720 3362 38214 78228 59548 40579 23828 46913 93430 74371 68738 11710 98376 40946 30216 16083
4726 15930 10253 65179 93409 55546 50320 66319 53752 93040 31283 977 79508 51890 23137 77227 71604 77702 55454 47503 18280 95633 94415 11709 86355 79504 39770 84730 20449 86338 812 25174 18619 27416 90353 12028 82961 57024 78346 53064 50063 25981 70392 45922 94222 93528 23148 65825 71229 94953 13327 5861 90585 24093 33921 93291 3597 73691 94372 40397 76380 95183 81923 94998 38950 88627 7025 38262 62002 1723 91325 28416 44055 61716 74338 38276 71595 97485 20453 59176 92438 50131 65036 99374
74224 15308 9017 94172 5350 3388 50920 81729 14923 32842 93079 53872 21468 16455 8486 99821 34529 99810 28237 78583 77878 2574 33211 65824 16410 70015 24999 25199 20145 6386 40925 94368 21694 49941 4891 43395 53328 55811 41476 84602 88652 34554 54826 26472 51008 63311 42644 1889 79472 70880 96823 57349 89805 46385 23173 6215 16399 64523 47765 52896 87261 88689 47263 25306 38629 68506 68700 8309 24316 10175 92910 29319 61080 64087 72142 28440 27397 14786 30328 6869 85665 27150 80569 91822
73535 20093 98036 6285 968 45800 59180 88228 50841 22795 13533 89469 91300 82232 14129 15615 8759 23391 61285 69838 87477 33427 98277 31226 48212 28604 54446 33876 72106 35014 25697 61992 71459 40084 68276 72426 2236 27456 60653 53076 50250 74185 58896 57901 72768 73025 73515 81526 96415 34799 51364 243 84577 65992 31468 32788 10948 85913 83016 83053 37279 8712 45044 8737 65148 29671 97514 83735 57126 58166 36810 23727 48702 95705 81627 37821 85081 71493 19347 97847 22644 87062 14442 7220
69405 45909 56360 80352 48174 39375 79756 1804 64438 41151 26892 29585 70822 24405 13319 44299 98922 66480 84378 47623 78537 82356 1795 79969 70201 21141 77816 9196 24554 92257 32767 10311 54517 89126 90662 19042 28500 86770 20845 92938 27920 47736 38874 98741 72140 68545 59392 71061 51376 43769 35035 29912 26124 36830 9881 96324 74322 4048 5519 15228 12656 38286 25538 67172 43763 32551 86214 72263 19320 23410 81552 47240 71146 36777 62332 59637 5321 21723 47050 73049 81843 82084 19312 7967
35265 29192 20642 25939 49591 42513 41166 62246 97150 83055 29418 40912 15605 31983 29526 51277 55392 11077 98516 42889 47854 77199 2526 69526 15274 49575 42574 97116 48010 61886 21434 83275 7429 58428 25565 73372 940 83082 35617 14441 66136 81386 55352 98092 29720 84878 49368 85112 12306 64235 28000 60159 57786 46877 46037 73059 96451 4962 70174 44461 83199 91608 44087 6980 66387 86003 80351 67326 69084 32319 81766 51571 30057 53469 66014 59776 38346 31734 61239 50652 95968 5591 27162 53753
52467 89550 26811 65270 94512 13337 26082 77710 21296 70168 1041 87682 72522 81391 71359 41605 30062 69476 9527 60118 22944 75540 19893 77642 7273 97484 28293 19593 3074 71806 73345 71892 61356 16508 37161 72219 46196 63242 66280 67491 49761 67321 71524 22282 48711 42882 80238 78772 12357 89764 55241 51652 65304 75134 29293 88928 88969 73937 8520 92042 45743 81865 63933 23450 14724 17446 95668 60919 80687 61947 44761 46800 29267 16284 85433 94330 59165 65671 89453 87873 71786 44694 39524 37089
36179 68817 42369 25147 42753 50888 33540 4847 49104 13824 44648 63827 31269 40315 41097 28308 18614 85857 75107 64232 18492 60539 74913 94008 42561 64366 81880 14347 25411 37756 67787 61589 22924 10155 3087 82028 61043 52978 86875 10146 66801 31522 90325 98070 88189 31421 26377 23154 33630 17835 3737 52121 94725 78650 62481 37286 59367 60712 51632 84777 98467 19418 62717 37742 29573 82155 19770 90615 35132 6644 17112 1932 54517 7436 16353 59057 55209 59081 82210 5190 76915 85947 73662 71640
80948 36142 8925 40314 96854 76908 41442 11672 96325 4158 49414 25897 2664 69183 32863 37795 92178 66327 39726 63046 90114 72431 22103 45322 31511 20664 66863 8426 22962 40525 96417 3909 93018 21693 44222 6223 98600 2015 34247 94924 6172 83660 37173 8835 69194 86387 62981 77723 52713 19059 57120 59179 91489 79222 20852 22999 16238 87715 47776 39199 44591 44192 59460 37608 82236 20033 60183 80835 22048 94429 92111 44571 94440 45635 69758 79985 32021 32738 57707 1086 51796 31178 76616 43284
10400 97467 82635 42989 85181 30410 98539 29771 90954 74350 83731 73189 94383 60265 54024 32782 71045 62486 77352 65484 8120 63461 45468 56492 96199 19526 73929 64346 50703 50544 23982 77454 48011 6616 36794 49543 37025 35333 79314 27978 26034 79396 1167 20416 56012 71542 69549 27056 34027 63253 92539 58498 26713 54358 14989 22911 90235 88918 3609 57289 55813 27590 51095 3823 34205 87888 53366 87581 39572 49031 31911 65606 44778 49429 2373 789 20970 71922 27844 71348 35174 36734 29845 61886
7443 61185 1149 97677 66454 21109 54965 22267 48698 6059 42441 99254 10299 12158 86834 49870 61188 35096 31827 22317 84524 34200 23105 21845 22473 67300 93192 57646 4033 39388 35883 11475 16925 53383 25503 83378 74491 96820 5644 39540 19230 64437 38793 29528 76594 41979 95750 37782 77074 27576 76450 61598 78127 99555 83442 599 66854 92986 74596 87239 48725 26831 15065 65649 96565 40568 49027 71056 37387 71022 26947 72968 35458 65740 2496 28404 7718 14597 82537 1143 42172 58986 62740 36651
58540 62534 53601 41746 55519 44549 45336 4243 71379 60400 69892 84295 17319 35270 71702 71057 6291 98649 44025 58101 64388 46520 86504 88457 61116 69040 89599 19639 28025 68691 72641 2917 31224 26242 44662 3094 70790 89997 23688 58520 66748 9931 59166 84067 45200 30868 55123 67843 29516 99147 25943 93903 62018 28798 98711 39485 97837 4661 75476 42213 73351 48116 45129 20926 90709 89790 40371 77850 96138 64059 36369 79238 90341 95535 63304 35541 42754 34778 19735 72269 50277 62029 66171 28646
90826 81233 68131 88662 85893 43606 30874 59244 8073 92355 96521 98782 98496 36892 76631 94634 950 29352 90223 91290 41238 53526 43182 83991 4655 62916 56259 54931 24944 38781 83577 32121 20013 68059 37134 22257 28016 84360 81500 36088 76714 94373 34869 75209 31264 27852 86194 32213 57203 76416 39854 98440 46293 99388 98782 50948 78655 55040 22230 19951 10172 22158 52071 46536 6568 89205 68792 34583 73564 66644 70671 50277 61016 21891 41837 92279 49742 28031 40843 6944 20798 80696 21735 67091
80083 20516 34390 75090 91907 72971 95040 18430 11481 47110 64965 18048 36314 33757 52631 26229 400 39653 76505 61415 61543 34694 70045 27637 62724 10887 50932 99873 91582 72667 83315 88017 9534 17704 63106 17793 7027 58145 36222 18507 21606 1187 52906 57920 51295 5536 84148 51694 61540 77005 29460 23083 28050 99504 67071 7125 10390 18002 6997 18323 7020 90312 22691 16554 24367 2148 50698 31393 76644 3271 66251 98250 20809 35509 72521 72103 41044 56668 40148 18936 50024 69607 58370 78073
85462 25440 85197 12203 43441 8546 30526 50461 98857 69568 83366 23223 71716 34063 70968 48359 53685 53570 62960 74494 89078 35480 46596 46474 92148 3096 65409 58523 72702 40130 52948 74516 65569 54496 86718 9009 63041 33595 59469 78249 3163 59186 17824 91230 9600 5143 55940 63285 58712 18900 37778 64142 54379 725 26967 62878 3820 8727 37753 92874 48856 90700 83741 14424 61547 70458 39784 24588 20405 15605 19188 39919 74790 37011 31148 84390 42153 87087 64026 17217 5986 18155 97710 76717
18879 41028 39594 39051 49754 77346 48276 14961 84397 32016 45736 45944 18825 85519 70531 39229 1123 6070 79147 92265 43081 26646 93006 85233 13733 57031 18801 36070 91537 16510 12786 10415 57537 68732 65817 23642 46077 14092 38602 30474 62459 84337 92769 81284 86208 79651 36864 3682 85720 16011 95946 28800 42656 5303 30385 72740 78685 49185 25162 70221 82047 54299 96988 55935 23030 62804 79577 85459 93248 34530 32284 55706 35219 25052 53341 21426 4702 90205 25107 90421 6215 37405 35573 65222
59059 65957 54314 37744 31493 79475 7964 13539 50125 4951 85826 89507 84107 81754 74965 77354 16283 23600 49411 67853 48651 2752 5630 69704 92956 30737 76476 15522 84493 12048 97095 43551 94356 51408 81294 25849 47234 5610 55739 97359 10560 41564 86865 94666 39669 78181 88371 55952 1780 37782 40156 66782 40533 45786 52837 49840 92874 29312 65361 77366 57712 62455 37268 52067 13863 34914 94267 77448 56875 50006 74806 83786 7921 78022 78452 47590 72554 83174 19893 74333 20955 60048 57466 77839
5833 10302 27678 98706 55966 93038 92423 13677 71845 46043 82095 85707 80956 76362 63154 54182 42719 54312 37967 50639 48685 32770 98228 21239 15944 18120 11923 53250 78168 85741 47441 352 12394 75118 15410 68359 84508 7832 98387 56352 53874 96834 58410 51181 73195 37915 5362 15913 8578 59681 82903 57263 92450 81131 94853 8393 15602 23127 77995 10121 8867 25435 10473 21261 552 25882 5971 1411 50065 20710 57762 20291 17543 32523 71471 7089 70438 93185 39353 95367 52865 22255 52629 61666
19737 63833 70059 35339 86960 48053 61811 12178 73487 72283 33438 90390 14516 55761 91801 64581 76470 65914 84871 10364 14789 72693 33804 85226 82229 73156 80592 51445 11762 49573 13111 47851 29757 99521 83189 16716 63925 61351 28894 53763 33634 78683 44152 64501 50795 52304 45433 27264 34570 30303 53979 49358 19348 87782 50935 17928 77289 31526 85725 89051 97450 98835 53253 27207 14707 52793 60274 78631 14143 89167 32393 64128 84202 92896 28629 34996 61552 74061 78612 96121 20716 32590 45478 56415
36724 12764 74342 14012 60641 60066 19414 58091 75252 72666 1649 6310 25458 61922 84940 39601 67441 33684 3728 67994 26580 48708 2989 88131 22769 97952 84251 43484 30542 46080 16250 83617 58843 90591 97628 35835 67009 17042 93925 58612 6059 95573 64922 31517 73847 49861 87469 41287 83545 91196 9280 26476 39904 28620 14606 79024 26572 15208 38859 73465 77639 55108 57081 52833 62050 71060 88667 29058 88101 98944 4022 10512 10868 68943 42028 84714 35155 45848 42352 35051 53395 67983 61526 9650
12955 92483 88673 39526 24042 27531 29342 18032 98990 86422 87216 61040 57481 75883 6449 61934 91178 10470 88797 2045 79412 47176 3111 14567 93023 45462 65969 46417 29797 27495 56067 42751 36329 61091 98628 60371 4974 27969 94754 3963 30742 81970 65002 4574 57852 71451 82859 65381 81920 71655 67425 77684 18830 70535 8602 28204 32349 74570 74621 62145 18416 47039 21247 54745 8129 19874 31467 13102 64194 26220 17065 11287 8189 98418 15860 82392 86220 15071 47772 84492 86725 31549 62175 21907
18435 70776 50110 67135 61697 41082 45631 80113 88120 66877 34857 96249 3102 82675 25702 67295 8894 59118 78581 33435 57536 10793 15826 60107 25863 79950 44598 28939 27850 23124 67197 46284 93899 17307 13419 71948 74740 59049 52060 62860 42278 3268 75460 45379 85942 1161 29026 11187 60279 7606 44621 34166 34750 76799 94272 60612 56748 55222 5903 949 78345 73099 47232 88596 6757 77002 60543 81497 52403 28954 44356 94680 32221 36167 56410 18162 37327 85435 29348 13957 9393 90321 64474 44142
67119 58746 21106 40218 30319 27008 41166 8663 16458 4749 97258 23215 81751 74152 21063 50505 3105 81770 45184 35325 17936 1593 69838 55262 87028 15538 85571 96420 5858 50044 56913 72976 25141 78018 13193 55459 21377 70710 80474 37835 75458 77731 77401 73560 68235 98463 24064 71339 96584 69247 6664 14519 87192 92853 86132 90571 8390 71702 86990 14247 38098 60254 3574 63238 38272 33118 35049 59648 3827 15522 13834 79285 9604 91234 52844 77838 6048 76908 49177 2631 62506 72192 33501 49697
81396 19633 40267 89786 7686 43608 20384 45783 3862 23958 25373 42133 57075 76773 18132 77254 92294 48318 56538 18249 39551 25733 96087 61951 18992 61615 80933 81498 33806 14434 47546 15201 50418 87813 21338 58103 47772 41722 20238 51633 82031 61962 10117 55457 38734 44601 32710 47379 92918 5599 65627 48820 47684 61713 27122 66675 23327 8055 64524 73484 38840 12070 5037 5609 16234 26374 80063 80357 84447 300 48342 82829 78613 58458 54638 17346 19410 3699 81076 28679 25650 46703 77499 73333
24767 4620 56359 48094 29026 20883 37929 84217 49304 59317 89825 81889 2043 69888 62245 86489 86539 10586 85670 65152 85396 40307 98849 4805 44005 79925 33484 86006 42979 27334 59338 67745 48305 15697 32190 93683 52931 70119 77899 2234 29435 67724 474 47829 53963 62718 50670 40501 73304 36339 22004 75051 92997 20853 79855 53353 17129 29690 39359 60107 73375 98696 27851 21680 30744 76393 15362 83674 46511 9612 2259 92297 93687 19084 40126 47649 81802 90795 88150 71457 43485 10153 46507 36481
47357 42713 89833 80837 88755 45543 40943 62129 44239 85146 160 91334 61538 31873 91360 24400 41485 9970 33048 35171 29054 89525 99172 10855 96671 87321 98663 40155 13825 45169 92987 77534 87881 99172 58370 76635 44714 15665 55116 5304 810 55275 12990 78699 87148 4349 19450 28632 14318 52497 80154 43371 58374 79325 70577 55044 82997 69239 11551 13174 30759 20889 90707 18640 36412 49076 11626 81126 64740 66741 2781 81901 22016 15770 76951 25515 36470 96400 54146 50788 65249 50651 10510 39974
29976 81087 95017 29324 66677 22919 42497 97436 60160 33203 32427 96571 98631 44052 94048 79722 27145 96829 77975 65512 28950 54925 91026 65420 67677 61523 32559 32925 12173 43068 72898 58500 40506 84266 87824 7183 23537 30320 4618 83696 79875 37044 80266 78505 97447 74314 74578 24591 87494 52552 6454 32795 7477 13831 14566 75153 75353 47124 24429 3878 6544 13678 62377 47049 14295 66552 54231 37831 13224 75200 21526 93098 12243 18144 87954 9690 8809 62531 50632 12654 15083 73438 61800 38911
87268 76366 30415 62621 23489 71195 82850 30032 84872 61578 93433 15518 28130 47663 53349 57705 22863 91226 50802 51457 25721 55107 77498 34529 17637 44482 63534 49071 17919 25334 4333 5186 18051 51099 84158 57891 22293 67007 4275 23516 28585 97707 39034 73066 61721 8734 30770 84583 99959 97923 52392 42032 53029 29889 92912 70665 74370 56446 36088 8640 98131 40420 13826 16181 7871 97983 74071 30163 64990 78345 70031 9926 92403 25416 82991 54124 34149 30112 55058 50459 28034 7449 92490 81062
53690 85402 68078 44411 58199 4165 53051 56329 60937 66876 88861 68807 64858 79283 15321 46199 57628 1703 56124 50030 27118 55466 20505 61266 85577 75563 28077 29962 83011 20566 11023 53052 22319 79101 97463 80517 99617 66865 53197 76905 33740 58409 62063 14949 37692 93736 77500 11671 95438 49975 78052 22556 21793 98557 173 7369 74119 28249 53683 73481 48815 64705 42885 87485 60157 40347 84354 76126 23563 53902 53030 57302 12311 31445 88602 50002 25180 66101 61672 20617 32428 56075 59524 54220
54631 59697 77940 45101 87945 31622 34934 53111 96327 77818 56948 72835 34516 41301 48960 58078 95202 1990 31731 7512 49786 20332 73865 74965 2785 51888 95581 51564 7963 71457 5783 78945 31153 83722 24046 35449 31696 75331 4912 44374 53148 61859 17208 4015 3159 66168 62092 98360 84509 93822 22224 34294 30505 96088 25610 49641 47976 37542 1204 72290 8998 23338 51234 40150 7060 91631 91951 55107 66961 96862 99480 20108 58720 16687 24122 61878 99206 2565 76589 66 12738 98812 50711 43243
11252 76320 9235 59227 13862 26791 47868 22859 50128 99101 79361 73539 90732 87663 28645 57692 84524 28124 94152 59595 61163 18273 37824 60368 20838 14412 76786 33575 29576 27496 93169 40827 20168 18756 16405 34029 45546 64272 73239 12025 79724 68951 85564 70455 56613 14208 44499 57488 58684 38650 17082 19846 73274 54905 96565 94111 85669 73350 44038 15244 17198 53558 72422 37365 88665 88826 87745 34210 69449 77335 62587 49172 46286 48150 35979 19250 78709 80477 93090 53744 19126 26523 73589 8751
97780 86506 2862 83448 76207 63251 15043 93404 33160 87464 47120 21825 76289 34864 72386 62089 12199 34972 27612 74836 99473 63590 10437 94534 44066 19878 48277 79543 46401 38218 88294 44180 24723 7507 27627 929 87109 42669 10685 36620 46484 57804 74796 22772 92668 47182 1212 21218 98505 28823 12405 14330 92413 22841 8863 52830 42719 57139 48725 5471 95356 53370 49650 36430 77228 93628 53711 80688 52648 64395 17307 99131 22198 92103 38254 31217 55636 39465 68786 54140 84639 81190 68469 77051
20383 93683 46233 63101 50822 11309 84923 62529 64678 50924 15311 58257 44551 69021 38944 97198 49767 56250 12680 71964 64704 50933 19533 20339 6749 88318 90831 91387 85860 75651 68438 6242 69334 31022 85694 36507 42330 70616 99035 23359 21539 30697 81615 66089 99717 36910 79638 49483 9511 92317 37799 74215 59601 73683 10905 66349 62000 1735 57735 47859 77386 42524 54100 63071 73545 56145 99577 32226 26760 14963 55584 48298 45660 53550 30738 45376 6811 26727 11211 16322 35395 65361 6888 94995
39043 17792 61343 17394 35879 19078 81605 29616 61601 52056 92686 51498 8201 8614 83723 34960 23576 55659 99610 69235 25560 30347 30963 32371 73426 58525 65044 8820 23885 71931 3815 62927 6074 81509 96672 58304 586 78276 87919 78539 30332 96956 30036 38532 5569 30110 89843 45497 85768 89452 31083 11328 36151 62045 43698 25928 36921 8741 34747 77157 97023 38561 56435 3096 20070 53107 61400 37007 31382 65670 15545 78065 62626 61932 32948 84546 92042 22791 30042 94161 28594 61125 5488 81096
39521 65537 7023 76442 90629 41770 53598 87651 96682 26385 7099 33103 79491 84850 86462 27224 66871 18358 5289 29496 80290 38236 30394 88683 77378 60435 82843 22324 21559 4683 3419 77432 86571 10442 70225 77200 68563 40174 81202 81596 66558 4652 14699 46048 5853 1160 73272 72724 35869 78560 2219 16158 33147 32612 21192 26877 9399 20387 49200 47309 41421 52618 24740 27991 79411 94964 21542 47973 51490 19096 45921 18047 23747 76971 64095 29600 94482 53718 2323 30350 48629 20893 46508 98127
69857 84051 25003 79255 4437 74202 42915 45857 26820 67655 90200 6230 78970 11741 70555 30459 47188 32827 48506 70935 9797 28952 16886 4278 99021 35560 34627 47649 56452 97486 45775 42660 81537 70778 38266 85973 44979 81181 48182 88150 48835 38381 10732 44156 66473 97638 74615 13661 30464 39472 947 40260 68423 17832 60889 67443 69743 95515 31443 26194 93001 93569 85206 74537 64346 23471 76861 25677 21003 41394 13826 69837 79774 40909 30345 46247 38546 4959 76259 69009 60782 77205 25620 45556
11388 86508 29350 81130 98375 60792 23675 91375 54360 8880 82263 35058 48703 75475 60734 69705 16869 90911 55894 12994 31820 86238 59240 70365 7548 51850 55726 68329 29054 97697 13884 40441 84205 59585 21570 82579 20376 45245 90305 91087 70476 88919 42496 19178 64393 19581 5235 81261 10492 61128 94255 58663 47365 69846 45379 71264 38048 1104 39592 67101 98801 69827 23894 99357 45763 61815 98287 82490 23411 88591 73576 93887 77509 32424 29416 58253 52004 34650 55866 62495 95777 66472 21157 59493
36317 66536 30756 74364 83991 86699 57817 99143 72877 98062 98499 18639 59876 96785 1128 83287 1727 91056 93525 95587 23479 39292 53840 75482 73942 9705 54329 86070 76176 91837 61915 28844 74724 9022 19560 58715 12073 77376 57857 1301 91789 72708 19940 51664 85844 37419 51302 87571 44826 44826 83157 84656 470 53348 60138 90763 63052 30818 93184 39227 22654 55098 84423 97378 80472 3982 72444 92544 97709 30300 93844 89497 19359 30135 57512 5203 83906 8814 9125 45083 69991 92281 29739 70460
45629 6228 61222 25032 37045 54406 80611 76050 25855 65033 73427 6326 85366 45870 15221 83074 92522 25417 88922 11880 71903 46433 33434 55808 71598 42558 891 41589 51191 30629 28400 13171 53208 5974 38202 90252 76731 18812 66301 2585 196 56080 25263 85561 18301 56835 84986 10822 82251 90259 39054 54154 53044 88839 26313 24641 31397 43555 82581 98939 90535 10981 12109 43742 33306 50310 50345 10036 85474 32998 28972 2021 89077 54234 87582 7377 11069 88919 34551 9671 79178 89956 80176 32221
78794 6489 56861 26542 50043 55794 41832 56930 66774 53940 671 16431 20602 51016 26466 22427 84013 55437 24447 89441 26023 28380 13169 37091 17299 64071 63113 96476 54026 43289 45048 49172 66129 18260 92065 32523 74053 33897 89452 57178 4188 6475 73608 41141 57490 73 63567 57854 71862 88014 47294 97884 16393 76814 51326 33691 40885 14438 46518 11262 74078 91565 60433 56558 26177 68850 5433 229 2746 94884 57407 23285 17710 47366 64426 75199 47439 27992 49404 19300 32357 13049 33535 65102
89863 84860 15144 47099 99297 61662 58360 89727 69578 18793 46284 95754 87642 68068 12335 6739 79304 86093 46375 97013 33458 10800 88564 97248 55144 37967 32899 87500 67368 66433 68953 73582 51292 84097 20680 66941 45758 79039 56667 31687 14183 19302 43793 18176 87370 56127 41266 66673 58571 87641 80037 92028 14792 68600 89276 69935 22919 38526 73787 90286 4959 42739 63867 56250 26835 898 39542 88944 79936 96208 36983 94119 31862 97127 12294 35583 53253 53560 18607 28175 57552 98643 20202 72343
67243 25829 58630 6513 64355 48768 13150 69313 7858 93368 41914 51045 94265 81456 39988 74200 94015 93322 84670 25876 90448 13316 61458 60052 66875 96416 88226 40778 95059 8428 13120 78653 50608 88101 85165 14962 36868 14666 626 44726 8033 42540 95770 2297 40347 52109 76496 34361 45431 77518 76589 52230 90833 54398 12282 57707 50814 16859 14836 62224 41638 27955 40876 92246 32408 42392 23559 69275 73409 24185 30352 81441 83076 42473 83737 39774 94582 76584 74134 56364 54101 67074 8593 44933
