52 77
74585 99523 82668 96231 77090 5486 49834 12911 48776 25458 75512 77108 39950 67654 39445 97536 5590 94075 38290 47391 12691 56307 13956 64482 38500 2759 72995 64302 77732 68898 92931 52316 68420 75598 48546 45509 97435 98379 74771 46211 40189 66635 39670 96490 34288 95466 10377 56230 5893 48666 3620 18583
21324 33927 99417 76175 36686 72411 40477 14417 41308 49759 83084 26079 41708 31630 87939 39143 46360 62710 1705 2900 29344 57726 99389 79983 53192 26117 52564 59084 91135 56183 94018 12458 6462 93434 4985 43147 65844 61813 73915 23503 11571 56998 65933 53278 88627 53872 8772 51339 32933 26828 54238 78628
84554 69979 74962 54097 12447 27526 29532 3581 60 23549 32391 6521 16983 37375 66019 99178 15539 39933 22681 27109 96931 4965 96738 1909 58836 5510 53247 8120 32337 23837 86747 33242 10167 61709 3690 22613 89234 33221 42546 5645 73122 74936 12166 90104 28662 78184 5633 44200 34469 28313 71308 47751
33278 68045 49659 8465 89906 19258 16585 38595 59446 19683 88188 85964 97743 91878 8576 3328 41450 51121 8973 14571 42408 37490 21026 71069 32025 26659 15268 66493 54971 2927 14243 4600 87324 80254 29417 77229 99511 62353 15823 75308 82035 4011 61271 79778 12240 86198 83105 53689 53671 92077 68260 96078
29566 5637 67147 61591 32295 98766 44435 3618 1693 75030 24569 89016 55283 53985 82596 71145 16337 14771 46452 14724 35133 7722 94501 47372 10271 93957 1060 63941 2386 85671 76371 48303 91308 59869 26245 23602 58634 70680 43571 76678 45709 68140 82045 991 22124 64641 72135 54813 79411 34938 69536 14543
59011 64036 78266 69281 74344 79325 49574 76729 81348 25944 25032 89007 85812 51276 28960 44445 21955 72531 37475 84015 40670 19519 1357 62793 511 89843 17605 79921 24780 3492 10815 83790 83879 89080 69423 58223 84757 18996 34951 82456 44939 59982 71462 30750 27610 421 91546 65916 89303 45372 49931 29972
64891 51287 9117 65401 57482 43073 61674 82261 46565 88840 82403 30443 94272 51825 88665 79028 87172 39968 77835 32110 16301 49296 79211 43910 66068 87108 26178 71723 32480 76108 1694 13722 43746 27162 95474 17579 70235 57147 99840 33151 62339 82242 63593 56610 50418 68610 51989 37589 8577 29823 86050 41229
95470 81612 1491 77889 85071 27668 49611 33902 20127 67657 47623 80224 94818 43097 97803 81404 16595 97642 14554 78933 96235 78147 35542 63004 63108 87530 16944 71684 33704 19345 29264 29173 956 30754 23414 2378 58421 73024 36280 78547 57032 83902 75123 51850 26998 72925 33253 59945 86918 47807 38877 83152
42305 90771 62507 5412 94652 79450 93447 28356 15146 22710 73880 16101 53464 97293 18478 28236 86669 54757 23135 43700 55011 98257 11901 98360 71181 45154 58304 74450 9312 13533 57601 51616 4303 36459 57027 98954 32260 66825 43661 47405 89534 33893 79857 59349 31185 98334 3937 34205 69443 27071 77905 40805
41679 89805 39164 29211 51310 97468 3660 60621 11000 77612 28588 31654 14070 1966 46959 46329 68790 90620 10085 74676 40864 89941 50376 72048 4626 54312 22605 90420 97734 16861 31224 39412 6665 70388 68622 74327 84207 88633 51299 95206 66244 79887 43211 96665 81852 90169 59345 66994 97140 69429 41669 38003
59369 92044 26403 80347 62708 65359 70766 60441 82219 1990 99853 5235 72377 84826 79561 56583 73459 30860 68140 56054 27098 27702 52719 25301 17870 12063 92294 31362 97844 50314 85716 73564 58710 28470 53910 21417 93828 24676 81857 76046 43017 81709 81281 15393 82887 60841 88327 56345 8052 72818 28750 35149
519 81468 60450 34740 9883 69095 82453 24078 19409 84521 97641 78118 12990 67903 99534 6818 92578 97742 82863 51946 95803 80495 83690 78689 57688 72016 51385 65739 61185 80134 17240 78055 77954 94041 29146 87836 63135 27951 11913 98895 12471 25905 93364 25460 93807 9249 48629 2736 6991 47844 54681 2793
28338 38370 81481 86025 26737 49217 68116 4273 29350 85355 82327 7303 79395 27825 11490 58881 55775 39754 57776 84597 82011 51139 10056 75817 60388 75037 78553 67378 22880 49585 86522 67569 87955 84354 69946 31043 33570 38061 35316 62919 39767 17642 86574 19161 61818 14415 78041 17592 70521 52168 2188 52531
3307 28596 28347 80046 19984 23251 47423 42863 72836 33944 26783 77142 18297 96728 8184 68218 51140 43499 47488 90906 77493 34061 26418 55662 64828 20811 73254 35348 72978 91793 87878 92636 36740 32576 72681 56723 55827 20103 15937 45014 70398 42720 22155 5046 55799 46690 73263 6939 6541 37103 97844 385
71163 24262 56046 52342 61424 45651 87689 34401 53796 91918 27037 90535 24494 99717 63610 80320 36172 79546 41685 22921 38617 80191 44319 94416 26880 33933 1354 49772 71035 15549 50156 58550 56162 22554 10891 17585 68204 14932 68338 21999 6849 11726 28886 31342 11442 92495 28013 63965 88392 69697 3238 27009
49887 47556 37776 93119 81488 55481 42890 68875 71029 9398 27424 43543 31951 54666 77479 16506 69597 45816 38505 76446 57541 83742 24139 85335 92588 52152 65651 80979 38200 68888 24339 88087 32795 62114 97557 14283 33946 40446 99509 21327 66195 26932 64869 14497 81597 42347 31003 51194 4515 85859 43991 62055
69600 84481 47389 62187 36632 13040 59517 74832 98279 83856 79270 31074 62321 76826 61708 96267 33623 61216 17593 16170 4499 98813 30666 86095 41159 61668 53640 62025 63878 13982 24080 33477 98463 87820 12015 35094 17211 71532 26277 15490 71739 5546 62915 34059 98723 24622 46677 48698 2189 64269 64867 6687
79433 95532 9133 36944 73552 62773 98968 37429 76754 23047 87258 91568 27219 99272 43014 44429 87155 69290 76270 58893 91188 39184 9304 6262 80157 55980 54959 82345 36601 19825 5383 16033 15357 14516 69328 88908 93640 68296 42688 86745 7694 29945 78313 34912 29217 21326 95693 32723 6967 71962 7968 14506
27498 17271 20768 7654 89602 75726 6351 26202 11903 28085 58587 27259 42600 27914 32518 36239 12561 75205 39336 20255 5150 17648 71518 50718 55325 67210 99792 62291 39172 7759 76797 66669 25029 13916 90674 14631 5993 13376 57184 17895 41461 15770 61505 84060 60036 94022 36651 72596 85579 75986 9202 7080
9985 80720 74149 65309 47929 73940 43951 3452 81699 37099 86472 23079 67366 77146 37709 73359 90521 94893 91253 31981 27014 69110 32393 3401 63131 85395 92349 65061 77732 17902 72140 4068 98621 62640 85728 62902 36580 29678 82705 34630 83129 69177 57708 50494 62674 11769 23852 53194 23013 31457 1527 66378
566 50271 69779 80048 52017 62127 61461 29748 96380 33600 50167 95001 12592 35894 74254 49171 65571 56958 152 65051 42486 57859 15545 5159 85979 55748 74705 8991 87204 92583 75369 4121 42853 61499 84169 94869 39977 61981 40968 36356 95580 91134 31356 24523 27027 21961 90045 8949 95271 90196 90352 54108
64407 5896 59267 50385 77995 50323 75728 81551 42905 51096 85671 2109 12594 86191 13329 52570 48171 70648 5277 60103 78133 52985 84625 5159 74945 91022 30459 86567 81217 37162 40675 45623 59409 16293 12360 37404 82967 88087 18954 25871 55534 20976 44331 68127 7167 74011 37048 71689 44658 58676 48143 22790
11660 49120 44300 86605 40141 91110 89523 21357 28272 30197 83332 87680 62841 12043 25083 45807 129 60388 88029 55662 81364 32359 40140 4882 6369 93539 92922 67378 52214 41065 90167 63874 6536 34466 66830 46676 41928 72704 84384 70199 19253 84067 74230 82093 96109 99313 44252 12589 76052 32280 84602 73767
80991 24741 78648 3711 34631 87922 71089 86845 45338 77607 67070 51873 28425 50251 98548 70352 22954 99283 56902 58558 83350 31131 40651 95810 46795 1254 8399 22847 33533 93000 96613 30875 34093 91613 50938 68723 95886 22026 71919 41223 15984 55340 9447 60760 21942 24346 31111 44896 23628 4364 3453 23329
35495 60455 19139 82289 61708 27537 21487 11593 36888 34452 42467 70980 42416 9756 56055 38301 31781 27973 95875 64117 99665 5321 24876 21606 29666 72339 82853 69645 76702 2658 92974 28548 63112 12112 27189 41172 56000 65027 69116 9239 99478 27934 96571 58245 37690 52625 96545 85822 96949 8771 49938 96613
14091 91166 18219 60108 79856 1071 29753 72909 20080 22726 1457 99544 51189 44997 40715 23540 10023 26182 32778 9501 54115 45700 67745 91804 98324 80642 93978 95273 89412 60267 8237 19855 51432 42807 79962 31287 43878 9714 4196 80309 48791 22004 79852 99979 67000 20566 39870 93374 63099 89000 19226 17214
34699 3323 25369 33023 83964 35698 44647 89727 95965 52883 9581 47396 95690 89543 95035 55919 15608 15582 36227 64399 53937 16079 80729 37288 52996 36951 30661 16095 25950 49887 49660 60648 53209 91380 10022 37172 27078 71020 43250 23042 40255 52831 86789 35944 58725 98175 8214 90684 30108 60792 55082 84044
93222 52163 37683 62570 89113 68344 95016 31414 18230 44675 8413 87790 52406 34787 41313 79483 5806 84562 18876 46060 53744 22017 98355 12468 20191 22920 19504 66651 83712 90937 67046 93285 43099 4729 55854 48563 73072 50869 96328 7653 11895 4741 95442 64301 55879 36754 60135 61684 37667 79011 24096 91411
1027 38802 20230 37569 61722 39733 4219 61785 30670 71265 55069 73768 92345 10923 38683 65416 78143 35010 89420 90038 56102 1213 54338 11980 37966 14472 90016 75632 9834 30463 83394 10860 69264 3624 64781 47337 43356 68999 9121 74025 56615 80542 64145 48959 91464 19179 30726 69606 70540 36497 59643 26642
37709 30332 54973 75674 61156 61340 67658 70989 91802 51051 81849 61066 71026 46629 8402 14382 31979 33875 4758 88594 14416 85254 53904 22231 4432 84630 8188 74972 21126 84183 17965 75187 14514 72937 67212 75669 34277 34869 46658 26078 2272 44858 3495 73297 7838 28249 4030 39816 78475 8788 44761 92890
94041 15017 31472 14825 15998 39659 89796 37123 23841 7760 28661 54707 97048 95873 46727 47676 30741 93384 90106 49364 54593 9952 39013 62430 38200 43042 18598 16674 68181 79710 25915 78574 94726 57386 93398 10723 13397 99545 64198 37237 23656 92858 8295 20703 88730 55022 84731 35823 64757 74836 1538 19350
1139 40550 98131 39339 99944 33080 72364 84476 29142 14631 63049 23867 88368 72798 50942 1764 72342 31491 39001 95997 40700 47295 33052 45782 18668 34134 81604 83425 25321 99493 2774 26459 40043 17256 82149 56338 50336 54513 40813 79477 85495 20214 19695 73862 93011 86988 75626 81705 34830 30978 77701 75530
78272 27104 21311 96940 61237 19266 80364 86557 18758 99489 13016 75152 16744 11516 47841 83431 66028 88654 79259 51522 25219 15306 41736 18229 18645 17361 99933 53475 48338 93986 29004 42961 37441 66666 56252 15030 2283 52967 17938 21040 52455 47305 12544 85551 58821 60384 85333 24848 65389 80944 92722 90607
96249 50809 25188 14893 68169 41472 84719 16506 51809 13722 75818 89250 96739 32070 20631 99021 85036 38568 36413 53843 85873 65308 55745 44693 25691 57429 85892 7432 38372 94965 14390 50972 45773 39577 82217 30293 81049 66935 63150 49209 97009 38968 38458 93747 71037 75440 9120 72424 14008 45532 42618 16232
10839 98362 60924 52881 72143 63167 60312 10514 58132 74702 77838 20256 30630 60054 50549 28030 26988 13698 77239 40348 52665 32048 34095 40053 7488 43214 28829 37847 5097 71446 54078 15935 86160 15001 68815 74654 94519 45479 85167 52650 36532 63004 89258 67161 39409 39806 11543 82749 69855 88781 23096 22520
37180 57190 78924 44667 16755 24104 98865 21851 11902 52942 54137 98061 84294 39304 72714 78813 84782 74232 47814 37665 53588 37071 21177 92996 76876 32719 75744 46731 37851 15192 85602 75031 72381 80877 36049 5488 4981 34914 43690 16882 87855 97827 31294 88501 53482 20359 67313 54615 10942 15126 92279 64529
68549 13455 73877 45424 62526 65972 8506 376 81163 10459 91758 69896 91336 27807 91735 12668 79072 35424 45901 83278 49602 93546 71778 3083 13904 55442 57697 41197 70568 66327 22078 39116 79782 95954 891 58659 61925 25749 75386 59440 52559 67144 29335 60246 11302 21069 72913 90373 72844 35165 90002 22446
28710 78132 41880 58965 33573 15929 162 20492 82255 22239 75959 78388 18192 93202 37046 96468 18950 12432 72259 71508 95927 1593 48106 7228 39013 21018 13952 11857 72535 20305 50654 1244 98436 92533 60209 32009 8461 60370 52500 7068 98960 28459 85455 17151 21660 38853 29970 56961 67636 18581 44820 63562
20173 92925 87141 75538 30295 1092 3746 2829 21396 54399 4072 19832 63283 80632 68192 88096 41001 20691 95163 39960 65501 80617 73462 3512 35821 19784 76824 3456 38364 21644 67017 74888 30920 54157 66777 61214 71600 70522 80394 9348 24920 84466 45531 88203 65097 13722 92650 22450 50764 87812 78761 32617
84780 68575 36128 20601 88358 12952 24056 43073 50947 7425 34312 81866 61581 1089 59432 49533 71610 39825 58880 12882 40642 4410 17436 22091 34483 10085 44540 85246 97896 23300 17862 82675 8226 70342 19627 12935 99645 43683 56007 50591 51107 6671 48808 29039 7759 24591 78571 95720 80768 53802 8601 21409
58211 26036 43499 9045 36120 4390 94291 50367 27690 28504 49394 52267 98845 69020 65202 14841 29054 21208 81783 96512 27878 46943 41903 51988 71533 36825 47708 52300 90627 56308 73709 65189 98696 33559 74234 51167 37949 84876 1534 81990 13379 67279 34256 28576 52650 99457 43416 98056 37017 25199 10919 81246
72141 52821 33234 60025 89646 97293 12325 96624 69952 2385 61812 68647 52295 52397 36166 90243 37272 54051 88584 67003 21329 22840 11930 90330 38648 55345 88385 75664 96895 99304 73262 85387 52124 22847 45412 58121 20139 74088 71096 90090 92824 49260 75089 45118 1656 11254 51713 55280 65304 40296 38634 2984
79487 50563 93313 18135 22259 81698 10150 35506 81001 99763 20892 49476 22609 82655 23949 42747 73094 11396 49189 82269 60655 24277 43739 78663 51882 95451 50294 17185 52098 88927 20168 47937 55841 29832 82423 78099 11529 92572 29956 8881 8687 67200 74709 31295 49854 15009 90394 39300 26404 39582 21568 87059
80210 81658 82073 32091 77108 32366 65627 45558 21292 2146 93494 77132 31977 75916 71582 59858 84839 17890 68738 93525 85089 59798 41172 51294 74806 31565 90593 17562 87498 28513 20972 84059 10170 3044 32501 3630 35409 98127 65539 73052 16624 75384 66535 64952 51299 38116 24809 52489 56005 9899 62366 57445
69696 19889 8739 60854 67805 99331 78415 55302 44195 99386 55712 54365 18781 88212 74346 54189 2690 39884 27240 35665 15267 93774 616 82917 48241 25425 51757 20598 51675 14122 78042 21370 50362 86780 98575 18166 2463 93341 73467 63009 9078 45530 17373 27858 50093 8070 98398 69134 64305 25637 4798 95923
35762 5414 78839 84003 47190 46948 20952 98864 77421 98993 36585 27783 2125 51512 45948 20939 44852 35767 83947 70282 81296 17672 14491 31389 25741 12889 16874 90046 38525 21672 85968 74287 43437 81159 74641 6978 28106 95592 22193 5526 10936 75129 49660 29412 26640 95608 50350 87844 31374 34297 74477 12669
68320 88967 60409 94060 1855 77283 457 40380 15306 2777 31018 58742 287 22010 82071 44744 33953 4263 66621 44888 79391 16281 90652 22383 11888 41001 26578 43261 91649 1054 72281 59968 90020 49042 70380 91875 26324 87188 48606 57981 6316 95975 33074 6602 17984 15144 51345 51936 35758 17966 13175 31500
50598 3826 53882 62485 44827 96811 22097 52827 97864 94377 29147 87884 43418 99526 96110 86093 86713 61067 60425 93029 57041 93498 15982 75024 24993 83679 26959 60750 1644 40133 92250 52241 60311 62483 31077 21489 59294 53173 74315 57157 63901 3461 61392 23671 19338 73853 26115 22403 34919 86540 31783 91959
80037 47764 66982 5030 31442 10292 82131 49437 66777 74380 18029 27087 53215 49105 48575 12508 18629 39241 86016 82530 42702 63760 6200 78391 37612 32314 793 72531 18853 32575 80841 15242 80339 64175 36623 28132 74466 18753 77569 57594 93133 11949 1032 46347 61054 65958 75206 79682 5199 61221 62211 64252
41332 84762 42642 78944 33428 59787 67826 68632 92361 48666 83873 89051 29192 20495 17183 3658 55600 11103 77603 65084 23051 94987 27782 456 60944 2987 80138 82494 80559 58700 46745 21891 59814 5739 17186 93241 65525 85011 61872 57885 50028 62097 63288 79220 98943 96822 99229 54542 7924 93183 19625 47326
88169 63758 47782 49113 66744 44271 47958 63655 19322 94703 85545 95487 16793 19082 88727 98669 4092 66951 56553 70471 45399 36192 49690 60693 33013 65270 31587 57288 58453 67563 20966 62973 31321 68747 28437 98064 29369 76395 78070 65042 87449 79966 60529 4241 99047 65607 2909 19490 48909 75813 89961 10659
12005 56002 71352 61369 37624 2938 18657 96076 86852 55974 59048 18172 24720 87485 32588 70440 80231 10657 51833 67679 90623 12361 71919 89669 94320 91179 9159 43228 83343 15471 70239 11699 87824 41590 73068 25447 60879 8076 37874 47730 64049 96922 65902 5120 758 14841 91911 80988 25497 43743 65018 32471
72456 36936 38492 66775 44466 47650 26354 27808 79472 96592 39507 67295 54533 28926 92742 15411 53353 30615 63141 33753 43888 45394 38872 60997 76586 47134 58336 2082 90876 23353 50905 79683 76640 89396 62809 21105 37045 89163 65265 32868 2106 21123 162 56639 66400 9255 72049 19752 56222 51541 53504 109
13286 8727 77458 89871 55860 35793 8305 63087 59146 59209 42770 52137 48604 21930 73242 2000 11092 54858 34867 29550 92332 51380 86188 58731 76987 74588 94834 33208 42481 48337 33316 72118 73415 10773 61989 29274 62918 86645 8712 22063 62205 67833 74199 10808 89763 63792 29159 17206 35001 80377 46755 27332
48108 32942 86062 25094 23882 80895 58301 66362 45583 91617 38479 18997 18741 16819 64622 81658 3463 73334 20072 65667 57518 10623 92826 47280 90766 38336 64486 25767 18712 11240 53098 66820 60534 55512 91913 84415 52758 50214 67128 98341 58182 5606 33689 93274 22425 14663 91284 42239 87996 11355 24258 61865
38329 33435 25497 29095 71771 89982 54861 6834 17573 24310 73653 94458 79821 81918 95224 48931 48483 62351 63623 6664 67957 97311 16289 6733 11973 7572 65323 16320 35279 5932 94537 73607 39367 20033 19053 27489 26366 73913 34322 43938 14575 7975 54748 94395 89892 49971 59677 38374 12322 23299 61389 80278
36962 94029 3362 65286 1601 85036 81606 53231 90968 92494 43189 30334 12526 62242 74174 38891 52506 8495 82828 67080 16469 53927 77827 22712 3898 37503 77437 16219 60802 55177 12848 14115 49206 32561 79400 67158 17596 77357 20388 8563 69850 63576 55248 82375 42169 29421 21265 94675 37916 20445 61754 70736
74371 39580 9800 94620 93435 3588 10838 54236 58765 40037 84702 24322 88949 64101 91479 6545 41458 28218 31459 11307 8145 86707 93682 50314 32479 31298 44988 70394 51742 23093 57482 42465 62673 67281 37084 56107 87220 64274 26694 62336 20662 11395 86657 9611 75495 94487 16155 33304 22704 47613 44611 47201
50671 54644 97514 83150 85941 58853 69895 54035 81945 27376 96499 44617 11008 49934 17075 14580 14207 60120 76915 34869 87866 63572 44479 63361 74410 76985 13016 13466 40949 57626 60666 91620 28621 74531 91121 30914 33383 61015 84948 15327 4743 81446 76296 32102 47731 9722 46681 61938 69842 23596 13158 57707
3519 57636 37419 77928 50972 50435 7745 91920 24412 68410 99891 53033 42940 91011 83946 76322 68378 85245 8001 73120 83042 84296 21573 30772 94017 68254 92709 80210 91849 5866 37917 95367 79853 91687 89646 30824 42121 97391 39096 82885 82152 55338 35917 25092 62701 36214 17765 31078 21458 25765 20549 4499
10060 42121 35270 20429 10374 44331 638 18574 66548 54906 30292 46401 46593 19938 93576 5065 17328 49023 87949 15831 4361 23865 40922 67061 76430 58687 14490 97887 803 51390 18737 27215 93510 70359 47643 20236 14689 64632 55161 97588 19538 85453 43988 66130 5390 53916 71194 39069 19290 75495 54899 23650
99359 12173 7062 92141 87211 37903 6379 88013 89292 25116 15227 99154 11826 62869 19389 26514 27501 90901 24101 63390 76353 84441 45871 81742 54708 33416 37162 73997 8910 8413 13999 24621 20585 37412 16761 7795 75315 23139 12159 80958 64606 27386 80111 76431 6606 15851 19296 50458 6752 59749 13847 83104
44189 59717 81198 15248 93133 34711 89244 2042 43123 19594 43014 80059 57006 59774 4205 48672 99265 16364 29629 63870 43749 9740 56653 66706 25590 75948 17164 48693 35696 31010 31797 96236 7079 29346 11483 16563 64056 17079 18604 23531 53024 77970 3589 10029 37743 24146 58700 53359 40509 4681 17229 609
14420 90233 67314 56361 66180 84477 5054 18228 31839 53202 30815 38917 98899 58650 55479 79306 75728 90434 2836 45103 68403 22777 55132 22498 46922 30183 75856 87430 34863 9436 4390 65634 99668 71703 21995 82200 72532 43400 427 4370 12953 47593 59638 11851 6242 31468 91156 98321 38253 10344 43424 6656
33120 98555 45505 80041 45089 21360 83822 79952 47148 4563 45585 46815 76265 83931 45366 65148 43682 62144 69517 56634 9737 45506 68484 15978 93325 75992 14299 31578 86335 74074 54585 35806 88980 89 32198 34068 37800 32371 30371 84947 36933 92308 48114 13197 76238 9831 94697 19920 71975 80565 92905 81711
26071 77741 14040 19395 53732 44690 67324 56418 18763 21908 92223 7742 38348 40772 41810 76148 73142 88532 77446 10074 80839 41911 39622 57077 51742 34318 93348 23716 14883 86252 21778 57305 63992 35817 93051 34075 80507 60375 90492 15621 82282 99066 23363 20630 56189 81524 13129 29330 70055 6926 55755 67246
48837 11729 40674 16930 62398 34021 56997 93632 36624 78774 50936 16968 30942 60339 51042 27800 20713 57886 43421 19346 73303 83135 56327 29492 64658 69455 75173 51064 76381 47280 18309 41569 59008 58982 58498 21405 9354 15494 15037 62330 10619 82324 79297 41560 42662 46690 69360 79726 4575 29132 99072 94230
12266 71750 40073 93275 41205 15245 44338 33937 62524 78999 75505 21531 54332 50354 59288 63686 82199 90676 26015 92817 89351 21663 50728 32013 68352 36439 28090 72927 65570 43513 83508 94187 15263 23580 87461 56467 38824 48151 6755 17700 43501 98611 55582 97832 48964 14869 77869 47514 21896 20235 40330 11247
41897 7409 59611 10249 43848 87700 99527 25769 31213 83034 19956 62827 22965 7416 19293 61788 71918 42399 95839 15418 41009 51421 13250 6324 82641 7470 53837 20889 27705 10518 32135 69601 17926 8097 96201 61773 12148 95727 87542 59712 95112 7497 22538 18076 31264 41830 96216 19534 580 92054 34951 41588
59826 64552 64263 42467 72022 18099 63355 16078 28616 11841 2030 62894 19937 98231 24666 32084 10309 28559 91796 5421 52407 14333 23496 23 72515 36063 19556 89446 28117 70858 31034 87942 35410 95296 46760 23783 29747 10114 56212 74714 21954 58241 37607 58242 56471 78625 6678 66780 23535 98473 88552 75942
29157 28399 92316 18023 64462 11871 23821 8930 82728 54854 13223 34489 66501 59983 74623 12599 70096 30834 87313 8402 89075 41271 82995 61897 19895 89672 45028 59782 4496 49931 52075 50005 78330 44390 84379 59143 72612 8199 68072 71691 79404 81294 6180 62257 41276 97154 74855 27724 44340 78519 52477 49766
19790 51823 11662 56036 41495 73042 15817 62342 22972 67891 12346 17653 28632 96725 76795 1243 21275 44866 72934 679 42512 95465 62935 139 92618 54141 27862 53309 32660 96690 3074 68801 48513 31088 24836 6359 4129 57005 68700 43452 41247 81046 61105 69879 94122 37899 87473 31748 99117 60406 32426 41628
72222 11712 41766 81192 65853 85980 34500 98512 82669 37574 67312 47533 68661 8499 53891 89141 65503 38943 32592 23102 36340 93696 9332 46813 31595 96804 78560 30711 73562 10986 88690 45783 22697 46807 26974 88549 32786 77826 3412 31807 15399 70723 95691 411 95574 49582 5903 77428 4876 38494 529 41215
48542 9860 88027 96488 23016 66586 43550 96577 93923 32239 42359 16620 79045 85685 21520 11831 63510 24932 59989 95260 12006 55679 12022 7579 21612 17924 85007 26487 72769 1887 67701 21310 11747 72079 17797 34762 38665 61346 47690 32587 9936 6400 65558 88981 92084 87078 17163 71945 28361 77151 83556 56718
49181 11929 80649 70793 46204 65655 97279 18973 83893 81332 56634 95639 69762 74431 46752 24778 52128 10793 73717 62064 17193 39274 67396 25628 42703 84558 97573 71063 78060 97480 44133 43592 9409 24781 14384 71964 6787 28015 90936 90679 25698 63922 2670 95459 54704 65773 20237 6831 76566 93953 85246 93758
49578 52641 19385 92281 53550 33309 79695 47961 30789 23827 91553 56549 64959 22288 44864 71745 50302 52152 62424 92351 16073 65093 4162 70776 30865 40750 77606 7430 51054 79204 17539 631 48196 36924 9263 1746 86584 88958 66058 33724 29136 73962 6624 94095 96250 51488 82191 62903 3639 44614 71606 19711
26058 75767 90486 73275 16516 84443 97056 67569 63646 14595 84551 11842 67870 93814 29939 54453 99123 12348 88177 44610 86310 11152 55056 98911 62639 37247 78165 66277 98212 49770 2339 24270 41888 92824 13896 58403 93619 10951 42323 73616 25545 26874 1809 9766 37039 48099 80571 36161 60447 85099 80770 63108
