39 100
96040 85514 93146 74685 83444 23789 76110 88662 21126 67195 99528 50856 29018 72467 10647 9783 28104 63681 88760 1968 26668 7355 89896 16566 67655 82299 49414 66604 2723 8604 73604 15115 94118 83101 6151 93913 6889 82260 82575
28014 49454 98454 78869 78472 70921 89515 4606 99024 69547 93365 991 96214 719 90886 12780 68373 89536 78545 34976 8611 87148 24931 40077 97617 8031 46227 7882 14920 28486 6808 59285 94292 5261 38154 89115 92533 44020 93720
91557 13567 87084 8899 26132 4154 16137 55263 72526 22024 33807 23853 30634 37307 48784 87062 51275 73166 33288 59156 88085 78126 82315 63722 72417 3928 18227 77883 96460 62246 71602 4368 92164 75037 13267 18296 79190 45755 73558
68067 67778 23717 91919 14764 61023 57054 1825 12297 30220 51465 87805 34656 29590 86471 98377 18358 90398 16603 12592 3210 95201 545 7577 87364 75581 37195 22011 71122 99301 95569 39188 67079 35637 47458 98194 13011 4512 18
41659 34731 67834 29463 69386 13775 32286 84115 48484 39035 717 61075 42244 95917 61619 66173 99633 53551 3367 21643 24672 2668 33563 80211 86098 69199 27669 84291 82209 32180 660 23868 66910 84846 69682 52647 98620 18319 53113
47104 57354 53830 24530 15949 66098 86149 82121 82082 39699 85488 3725 80723 4507 53639 60933 6956 22838 88601 91246 21398 20780 8257 61617 4041 93102 47651 73040 8074 65969 26152 71529 39674 96333 96058 55623 78783 98558 37743
60864 54609 39582 80940 35331 60440 34579 12615 67395 57416 1216 74992 95165 38347 99601 56782 58740 92702 20784 48131 17127 3104 90634 88655 42778 86967 1065 14752 82101 99622 52494 42964 70582 8428 40256 5912 68867 74834 34879
36262 48601 36094 27605 43765 90792 27205 16898 65883 36259 54033 14013 53385 57137 20999 58392 99914 24317 59456 31017 6417 59077 83510 65732 29659 91937 5987 51922 77156 80820 86800 29769 29420 39245 57373 89537 46389 930 22786
28623 37188 76819 42636 6924 33955 79986 65315 50220 4302 24770 81236 10718 199 81097 76449 46209 89386 98788 14482 66541 95959 17634 96309 41731 73230 70033 31267 19618 70962 70404 48241 24501 47222 7228 31425 81176 87213 96739
47747 91514 37861 28982 18583 54411 26431 11383 619 15816 10170 31452 82356 6129 49085 95016 64211 22315 65048 95477 58284 52362 65880 6524 76862 29454 30103 8286 26981 33667 21377 74728 25180 59237 20061 60114 13647 46491 71497
30617 62306 81666 62068 61013 4146 27505 56028 68356 49819 37428 80184 24454 6141 62416 30978 83002 91869 77432 7640 18849 11099 29016 9928 52630 4604 29989 12744 34602 92831 84240 81570 55137 82257 59989 32501 86403 87493 88529
71110 53663 42308 51294 78117 48448 30061 25446 47801 21929 2877 55440 57129 30327 807 67057 99309 21762 13397 12052 56363 6227 12643 37932 77715 11251 14273 10216 14005 1765 15096 85115 55428 57403 52760 49896 22202 82820 75341
86354 21100 94569 58146 94580 41248 58952 77988 40556 80714 91384 68959 53428 97611 81601 7712 91677 9203 21984 1892 23208 40100 16987 8322 11879 90741 77433 61774 12942 76604 53466 99296 14055 48035 73793 8634 89282 32744 86622
29837 29809 94357 15147 99589 8319 96747 23652 99996 5949 45635 1887 45508 2086 35226 53829 13965 25966 47613 75738 38908 24216 29204 54555 38270 93590 28347 63256 99223 77442 66229 45411 23603 76937 60557 23191 85256 73655 46842
1603 95955 8828 19841 41463 10913 55066 11643 41229 81032 59256 16967 36291 99823 62522 7197 54445 72463 51895 17700 71685 29336 280 17095 69290 77216 77651 92480 78823 67657 55673 80425 63611 80852 266 5073 8117 71683 16716
49345 52714 92323 66311 5356 92145 45184 12552 46589 17646 64446 64288 5682 93782 64567 39128 63071 58135 33130 71903 36957 786 43927 17382 64397 24779 33999 69469 49247 5681 2536 98591 74747 94858 81254 80102 87003 26437 92654
33591 60435 73451 14231 82468 83584 95149 21596 63007 53283 54725 34909 90240 55511 95187 23973 19907 36317 74323 5727 85563 96355 24615 84154 87453 19472 65407 83907 22826 8195 92912 72769 84981 66362 86999 67449 49946 82147 89044
12952 51782 43768 64212 58373 15630 59398 98697 51888 12067 89371 57615 97629 85725 98581 98134 89530 18052 79892 73436 57230 88087 66347 29998 73067 32708 16996 40515 82653 15494 45910 11956 83627 89678 76167 41999 21659 51917 40695
73547 63983 30065 31161 77963 32142 46093 92449 21671 64144 72340 95106 37725 76778 77804 67722 49845 10511 1069 6711 9516 16563 52621 21471 189 58650 13990 58540 80308 82258 99234 53854 46240 45651 1366 40554 94144 47458 33002
15814 27954 21694 27271 65678 98471 21426 49752 64667 31936 50820 87730 57803 67382 56702 95626 83923 15351 9615 42462 12010 8224 58047 82216 54463 3697 99933 11368 14192 63743 60722 46357 8048 82415 89979 73725 97237 11404 39828
61904 59692 90648 49633 17494 74381 6334 29471 58303 38036 55437 17116 50045 63660 75163 48612 34474 95211 64897 45842 9403 28639 6563 55759 36686 5329 45738 26762 2565 73493 66590 64468 33184 57237 14100 50678 31617 36785 96500
6272 74820 51937 23387 41217 15596 98549 6180 50070 10112 71076 95911 19514 99714 18825 91624 52751 24153 53713 79513 43069 27206 46102 7537 60389 19690 37988 27418 67658 74773 23918 73929 65944 75854 97316 7160 7801 12216 29692
57870 22327 767 70132 58192 481 5308 49816 53231 45812 19880 49095 88881 47085 95196 96417 7474 31237 50756 51243 98895 41880 75160 72823 24176 67365 86490 47687 75166 98706 77378 49387 37384 78145 19519 11928 94977 24826 61743
48207 86990 81622 13654 75870 45059 25201 88638 52532 56438 39393 3774 55332 97625 95286 44506 21800 62650 30996 69486 54167 46053 46864 3554 99788 25008 39424 11715 36336 80601 89809 84542 67590 71431 14547 43459 16489 39748 32096
85372 96185 87841 5497 67868 1817 782 12373 23616 79784 59720 9453 33950 5772 72668 37503 21912 97675 93278 33626 50362 73879 23435 51256 41468 11217 65802 84927 44057 5549 33374 45780 1733 37566 51276 69600 39382 68410 98325
62997 48193 58044 88802 98494 80168 61469 52349 2079 75496 45626 52056 25857 19504 75490 77112 60972 3058 42914 62250 47114 48462 11975 92893 66547 49541 60521 52498 88922 28930 67174 68271 93474 25218 57072 91967 21737 18540 44315
40167 94035 89941 92222 36244 25796 84064 13355 86767 87121 56268 65368 34235 21082 77343 43479 3980 26883 3999 72829 32156 32928 40003 426 42753 81572 57497 34720 3308 92389 79034 59826 2775 85326 68399 39018 11122 52462 52373
14240 55935 24992 95960 6521 62425 73302 49999 66404 16536 70350 39233 48691 19629 95587 65469 62382 77158 39317 97101 96817 31705 92486 56642 34480 94164 25040 89849 5285 93854 42221 35876 49788 83565 31835 56308 45989 21488 22658
28745 54375 93007 84329 19418 12636 79915 84886 75017 57072 24202 88469 53888 72259 80954 26881 6738 75117 68272 12938 96753 62125 55159 32629 28264 55075 80815 923 17415 18655 23581 46159 73029 32939 46839 92446 61926 26753 93683
36942 176 17885 25410 70415 90143 22716 13647 13232 14184 81919 26169 10937 60395 97679 59917 5011 69105 40731 5933 86520 75737 45865 49030 48766 95156 95869 57563 57081 38973 51246 10375 55501 85482 52136 25915 91976 74851 55914
5207 89035 37832 47727 99971 14578 61758 76239 19588 30862 16969 41873 33733 9058 4089 82763 57823 99244 94983 31737 56325 50307 99334 66699 5807 84815 35186 48074 93142 10037 3987 14700 15423 58170 62427 15393 89099 40536 91631
25039 87749 24951 66911 21482 50360 87351 20596 24534 86595 31930 56271 59271 82236 55604 42321 88043 56771 77506 52468 49912 3894 72806 64612 19316 30975 43390 51060 36425 277 59042 61463 88025 83993 28373 25858 50704 32076 46453
75238 18670 78382 31508 94292 76970 3463 52964 65012 76585 30469 33831 42849 50715 6636 23812 70030 53962 83553 21090 90386 83829 80131 51849 71853 80475 96573 14063 31179 28648 60515 6416 63669 55249 54275 57960 32218 74089 27275
13581 50674 74096 47411 93522 24810 54046 33685 94839 8007 17237 15928 14744 1065 12411 66592 89269 92885 63165 3331 24063 8164 80198 46830 71833 35446 1104 46144 84015 75193 73419 97595 42218 47514 61357 52091 72323 31754 85775
83513 56112 3011 15793 70855 20427 28203 37447 9695 21087 16963 29378 61502 25126 9575 8331 13310 61372 25787 59454 45386 979 49224 59332 43196 13089 20688 95286 85411 52441 97412 85275 24904 16774 1067 95758 37200 29269 49556
63246 66708 66518 92623 44561 7996 2197 69243 21305 63568 95029 97110 25305 12359 46333 84636 71906 59421 5323 83543 61183 74115 80954 46458 99018 97727 63876 11128 51278 9497 60683 14524 92556 43553 23498 37116 51548 25695 6358
89204 5614 17739 86314 47271 30097 32646 31906 18355 8419 53581 1897 69601 44047 99203 32410 43065 96929 96286 54192 64559 22134 31226 79082 14689 74778 2579 51804 42677 44625 74513 31881 66591 8603 18194 13861 38700 67191 62118
57054 91961 32050 75302 61562 76097 74504 10323 35513 87785 22960 6056 52343 45093 37281 47776 76133 12059 66706 44288 71087 11331 18801 2967 94273 27403 37512 24485 82454 4703 2954 55859 96663 35004 47513 74576 11100 22016 84899
46612 9800 24210 69019 78494 85655 6299 26269 61787 34709 92975 6075 5796 20657 41227 8762 31281 84981 62626 72117 83787 67328 75070 39645 80342 10073 87157 54918 37524 25525 56168 487 51676 96729 69505 30170 82383 92156 72790
44170 43216 82116 66596 49011 19124 7822 74125 50404 9154 36750 22520 92940 20429 13942 48937 770 40366 52445 72039 94242 77969 44558 94728 29645 57639 80585 76166 40021 89092 65307 542 32307 47423 67137 81318 66546 91310 71794
33302 464 24895 72173 93403 45323 86114 42339 62444 26480 94784 50835 20721 72752 95392 31800 18748 53030 28736 11265 9403 17827 76572 9944 50134 23994 77081 47803 6891 68390 35948 40192 68853 60842 28717 78608 6164 14830 20946
84959 57661 32081 35793 94733 4833 47537 42885 39932 16918 71620 51197 26320 5799 44120 52616 72284 68113 29696 36438 91355 14437 72385 47899 99642 33226 76615 94601 55741 91444 15546 40699 65457 47627 92844 60189 68811 40380 19425
25094 57297 91045 92642 99969 13195 36761 52584 85478 21225 98631 21915 12580 29419 10651 60478 29060 43876 37092 40012 15968 44887 55558 73018 10343 19536 65861 86884 4698 6240 6308 29791 79889 13704 38785 79857 43250 75545 48792
45079 13122 47422 66993 42053 76840 93995 18882 22252 37870 55973 62263 70189 17211 34172 43207 43906 70059 9067 47141 74756 31659 69800 20899 11547 83504 59683 7755 43105 51579 56546 88184 81052 20319 71528 23104 13510 65523 41985
35761 19744 14309 14376 89933 47872 64899 33139 91777 34958 42205 38917 9713 73863 8716 46963 1761 8571 22997 25867 68028 74576 98764 56211 71979 19082 27738 95083 32592 9612 53419 84704 29356 84080 15431 19288 31951 80330 52426
23727 31639 10982 78995 41351 1197 4062 4666 19309 28985 27662 45176 97012 18589 43939 69574 90568 79373 13663 85650 11964 23275 55420 13019 52630 39499 44802 88269 71449 25131 57046 11527 73121 68027 6873 30823 85575 27287 35488
4884 56271 63150 50059 69634 98090 93997 55559 88657 73369 69221 90658 1684 92495 46078 31055 61476 1928 75856 49744 73377 17338 6789 1255 90458 91168 8128 21280 76742 35414 73120 81625 8036 36269 31683 94021 34358 42032 49579
39367 31752 35151 30024 49788 43998 92453 80842 5473 94381 73049 71569 84109 6738 94709 85363 13547 85876 9842 51178 78970 45255 24297 60594 69642 76917 8629 63662 27627 67012 29592 66993 98763 64743 13368 64902 8740 5821 62095
30564 16553 35143 18484 661 58232 13193 2375 71778 15420 12217 22956 10741 73823 63604 71335 43465 40521 96315 23478 68147 63326 69422 51491 78440 50516 64858 43342 75607 87030 5436 22522 19934 56931 41006 36946 31514 70550 39321
3292 85969 51537 42599 96710 25359 6202 84396 85175 46722 97062 25005 31220 76739 94426 82710 71530 44941 63920 14871 36899 67301 36659 59420 87235 9941 425 24180 41454 70974 63500 61097 73295 31388 3695 86356 73099 26249 87103
58273 72970 84164 99629 20542 77254 94054 19603 48783 55346 99874 80006 92244 67175 33016 68016 70761 42956 68440 94940 761 55766 74792 78210 45412 22531 81904 31767 95629 8152 35221 70254 97474 35736 69882 34367 12989 80288 53969
61771 51985 53843 58128 60581 37369 91143 28596 8129 50450 13387 19420 67563 69152 10563 45772 14563 33094 27675 62681 45074 52179 14253 31679 66004 49988 1561 370 79328 98200 70690 41099 50184 24532 15578 10764 78252 6721 39359
86380 57170 52746 5800 24732 38249 32714 86855 69164 82159 14530 31844 27233 83060 62449 75263 49063 12436 76823 65784 91764 75022 36473 49214 41558 77357 64791 52321 55608 87863 8032 41988 61385 60777 64139 86116 15377 13204 89323
84540 95363 20204 32736 38947 3263 95184 14209 68677 7619 7384 34460 15734 98757 87284 81299 40314 64640 46090 92635 36600 33952 17018 94939 95336 94146 75429 97804 9522 88632 87126 94062 346 7329 26797 39292 26943 38332 69853
95619 62302 77236 46430 78036 75992 33713 59334 32658 14705 21775 41644 67656 72079 58661 62594 67414 52806 38022 81569 62327 43005 85046 72740 43351 8726 15888 82642 35668 54219 52494 47638 16521 46081 94067 10908 38425 44132 70241
71082 75188 8368 12725 42843 80446 71385 5436 64211 24190 59809 45780 2868 2813 30825 75608 46163 39551 91495 45157 91570 62066 14002 39208 78586 60083 49626 5845 98507 93757 92437 85940 85296 804 98664 28138 81249 86400 49925
45460 26941 9733 7591 29808 12546 54767 21767 75060 10669 13262 20216 2239 91679 34218 41446 86616 10652 7423 92460 25510 17532 84896 11449 2827 2052 26464 30965 99652 12863 97241 61463 39803 23326 69053 69610 35871 23820 91377
27282 34488 20990 47498 53078 29020 98067 10875 15635 8718 18298 24446 50579 35829 25693 62027 38655 27744 4842 85971 27396 17704 99564 5210 73858 22889 74263 43467 58759 14434 51195 2392 65273 88536 49889 18351 33907 64307 29225
49541 89376 47522 73986 39954 83350 99679 18332 38357 43774 23173 40679 87521 57228 40242 92731 31085 63130 66993 90904 38240 97778 58450 40632 63050 63338 6872 81400 97244 71179 10625 46785 60554 74498 37122 16860 74200 53152 51543
12556 96926 74716 53234 798 48295 93476 93528 79380 72957 76872 86635 11197 74649 45084 51828 37699 8421 58699 35450 5665 46229 62426 68801 23135 36924 22274 39994 11123 91778 91536 40030 5055 82603 93263 5852 30898 3090 99380
26629 76047 76251 13263 3595 67252 74698 55422 21302 83119 30472 73103 5135 76701 35529 90287 99835 72452 28912 39828 99926 20689 47715 39955 25743 46670 49569 31595 77567 69011 47326 20547 61409 39928 33809 65003 7179 24858 36776
44832 7976 67247 17935 29462 43947 53463 36100 60133 42266 65012 16312 58543 2052 64027 98497 44147 10696 64417 75741 4614 33427 39418 41512 11187 79345 91672 76189 2876 16529 12964 64059 40857 96563 81993 70318 40509 51807 22770
16994 10424 4133 33305 68966 6184 13683 83814 50330 40730 64583 42422 61695 14361 98191 3206 25548 77536 94877 1736 96763 11406 31052 60821 52262 27614 59166 38931 84474 27324 78052 1467 54100 82184 51124 23065 4720 81158 23231
71401 21888 4165 13823 83582 18525 28365 3140 44072 22252 98016 62160 19014 25773 93211 96187 94386 37176 55352 33317 38001 99027 11368 55820 53126 9904 6943 92543 14623 88100 15773 86023 26339 19937 16197 9921 54813 44562 29412
98885 66813 27427 61044 2179 53200 70606 98365 47585 7781 70068 97253 62133 69094 24973 17952 22220 34876 41246 31114 65850 45698 46886 51872 72036 83174 84421 98308 37986 28982 27719 53222 12146 55146 30617 14324 24697 1222 29040
88633 25354 99107 85886 87487 84553 27210 21790 23124 62085 63036 54237 44286 8733 17474 96157 80768 16999 96929 79076 71336 42262 23146 24558 54408 78291 55174 85083 19339 72748 14123 7972 98101 29581 10209 1939 14133 37418 23729
53608 15854 86764 7844 60139 11848 25317 72647 92615 42315 69576 88042 13651 11837 27540 38208 82596 5830 9733 67679 41521 82480 98153 49492 96933 44085 76052 98871 74570 13469 22599 28177 45674 25714 36021 5812 37561 61337 78458
46528 20004 64385 50921 33654 76222 78460 88213 75169 642 14297 42847 42162 96777 57351 8005 93709 1436 408 8931 92357 13876 47882 20533 59549 73595 56553 81712 27508 34242 76521 90387 54245 40906 41307 4250 33479 36119 8814
8647 36760 23110 67846 95273 36238 25196 19629 46298 42983 20036 55229 35339 50263 3110 72224 26163 93056 28776 24226 20563 79369 746 10949 33613 41651 68608 54214 75129 21078 63027 128 57837 86137 67973 69461 22374 9520 5441
85024 68855 41828 40252 4193 8442 59713 92768 34604 52768 21544 75181 89683 912 75926 16983 50877 33929 85590 5090 9057 6667 68117 25536 80855 70605 93508 66667 9330 3028 72107 94353 88234 30286 50956 8778 38727 10668 1546
89682 63436 23089 64862 69470 40352 40788 86452 91228 74716 88394 12670 124 11412 80786 25660 92267 67742 35519 75285 77071 54898 63744 87776 43131 94029 38731 51909 32756 49399 53454 22437 29186 92894 3651 98655 33245 60790 1458
40825 51857 89851 53494 51980 1263 50631 93991 9881 18372 45862 85165 11794 759 65260 99569 43890 59289 38300 12150 8396 4050 65603 47184 33235 58496 50834 48241 8092 11623 49698 48916 63479 39549 2409 31811 57163 53039 42153
67043 87762 88014 68559 99556 88773 50171 99124 49014 9459 53775 61163 17854 57824 43117 81389 91058 1612 32223 55650 26055 43845 5348 74971 23676 61248 93731 55486 18410 63122 97638 1804 50883 2004 86714 66790 7128 36884 82266
56141 62694 36040 33655 96899 93864 76771 78288 1273 94734 10510 56923 20788 70706 78622 12110 94381 39869 5841 66218 74630 68962 80208 92785 36196 82211 79498 2986 89338 32734 85251 61830 95427 37642 95484 8678 31505 88606 86965
32778 99691 13826 6052 20478 84531 84673 48940 95264 40893 54780 61481 31874 40093 58040 24658 76288 56602 20507 95625 45939 69592 80875 24120 81371 18517 19603 90048 66373 24560 93364 15502 24250 7189 37905 61080 91719 38929 10019
3334 79821 64798 81167 28046 4890 39206 52703 97529 95808 89562 93154 58098 75505 90380 82218 56875 25248 18172 63274 91621 42732 56637 23474 66981 63825 61379 28060 71896 307 54430 75229 96480 19227 56395 24525 40468 11953 93580
54349 24112 99493 63854 82209 74997 54233 64426 48224 95833 98950 11497 3805 41681 68134 27278 25013 31958 5008 69425 20205 5315 23854 95434 18146 59433 68180 59022 16252 80132 52601 70600 20595 68445 34453 2804 43442 88686 83581
91665 84518 82530 19513 88322 24210 87646 31951 65575 35956 36959 34999 56160 58625 58852 67945 76770 18284 52477 35791 34536 32608 4744 21487 69555 73188 55940 72358 32981 60977 55938 40997 61846 54820 60510 66519 95381 64507 98469
60955 462 51779 95953 72974 10403 54805 57270 3524 89440 9746 39315 40327 58706 44058 61814 28260 33597 17753 617 66578 95081 72906 7574 56926 27725 84435 23444 23106 48942 38264 84060 65755 90043 96365 38728 445 67521 95998
20321 56960 5743 59635 97287 64448 20044 75452 9059 53640 9556 9675 36569 4636 98933 60495 61561 26657 44929 1356 66114 10222 39619 50174 75977 29661 46538 31056 46458 14058 43405 66778 87369 65500 42764 1007 46299 79159 76458
55358 49150 86013 65032 85719 90648 63964 62565 68560 6973 23845 69915 73086 34067 9534 39611 26395 55546 2500 57450 18355 16557 855 1484 20278 82706 60599 21284 29004 39757 14094 84361 88907 16458 65745 90977 23458 46060 69893
92017 53032 93737 61932 26118 44155 87817 82080 70549 59714 84580 44351 94421 17488 61557 12256 37765 44262 89207 75401 73265 28963 89494 73978 34221 22303 39722 41549 45760 85781 11441 37777 38813 21530 16060 81282 65684 20228 63361
36233 96293 64292 96935 90713 81780 58491 19321 19544 19104 8527 11296 8720 53841 17141 82697 4414 39444 22418 45962 85203 24551 57403 22979 63363 78932 55390 60996 60967 75617 40708 13551 71910 5000 10485 78974 3131 85327 98294
39026 4430 23172 50322 29502 77013 67462 12198 81426 23257 50968 43739 8460 75518 1141 47790 38880 96424 3180 16227 73743 78796 73286 87293 67057 78285 14130 46031 81415 99456 44324 20441 20238 67496 87114 66091 60860 70927 78288
42285 94184 29255 86023 2643 4772 3516 50432 60003 16291 69963 92581 90033 48759 65867 93678 15815 60503 7807 78197 58270 23614 22521 78710 60203 6368 82175 26293 67227 53101 4581 25863 47284 50187 11885 49926 71311 31752 16710
31313 64395 3024 40246 70779 51782 6112 64456 83949 66614 88614 78497 24883 28580 1017 19944 88782 23736 18470 31427 90962 71571 52359 33176 18854 2545 61413 85132 73855 93164 18193 21520 73910 21216 78117 44689 89350 84228 25496
89650 67193 14110 68146 8428 42689 85515 28371 47822 9250 46841 79248 16564 34763 31606 49739 69968 50503 27503 55099 40709 20667 89643 78580 94576 27211 56696 55616 16560 57275 81112 22561 24468 11573 7058 32895 70613 92572 77617
18434 18174 40809 14034 51089 91923 61991 17179 61891 28845 44682 33341 69554 81700 22984 64485 92627 66546 37533 48243 83105 94807 45706 22017 35626 57278 29074 84872 27890 37998 78841 46323 72523 36001 76708 39963 27924 38699 57141
89814 83895 18174 23154 53448 99873 62489 34285 92500 29034 71817 57094 28490 82975 2799 66858 18601 60076 12284 3472 87965 66633 82312 50639 39155 18313 43699 79117 46236 98749 52609 52401 82643 70783 91906 52443 87007 70747 86727
95858 16132 74895 52951 44622 57869 55749 27831 76469 32176 40114 96293 36492 6746 78604 3483 62252 13268 47181 41368 75855 45929 10329 44607 44923 97463 36513 97365 84469 7259 443 80327 23390 91689 49629 84363 49558 21730 12194
42378 53905 68659 38670 6749 75405 33626 10231 54008 63245 73763 11728 39100 36043 22056 83706 80965 19518 36570 94682 20338 60180 11476 664 99922 3165 66645 84284 69074 88374 12829 11451 58630 97840 66473 65378 89596 98 91960
43603 63342 65722 55330 18793 1764 77385 18851 99081 13254 55420 93762 33592 15600 5237 50607 15521 24753 17251 16156 93826 21976 45337 5277 80606 43176 71749 62335 32771 88198 70647 76373 51539 36368 48055 86684 54484 25439 5534
53564 55045 77305 63677 88636 92904 85265 55594 24776 10018 89197 40932 3843 11172 2620 25471 8129 45795 13571 86816 94917 1768 57462 87641 69659 10181 35695 56342 64664 61134 78227 34579 16178 55531 98255 21165 64787 83520 93110
89562 9889 82306 46845 30083 9830 49464 55554 17958 11610 69124 21125 6526 87244 78586 94167 56902 5119 29861 29595 69782 7346 7821 20713 39875 79703 18967 77391 44489 18838 70501 34051 45078 52806 97247 75161 62635 46711 47066
96945 74672 32541 18069 81198 19784 13007 91716 93037 18125 21576 22631 4258 45274 46803 24970 85148 26506 43937 78891 70994 79126 49391 5044 24204 18548 18643 15716 97535 65353 62781 94479 40024 95321 28899 37573 15105 41905 29288
24493 76381 67216 47124 80639 12489 93926 5608 13988 36783 65896 92878 7777 61374 58620 29172 1929 77168 47814 17644 74702 29518 80424 85532 85894 92096 14430 23466 23552 72687 69106 48045 49067 36321 95168 29705 65161 5445 51665
79148 42228 17560 88378 66356 78933 63349 95527 80861 40516 43341 14856 31569 89210 11631 17100 75103 3727 47882 98569 43630 20568 67674 91674 85986 20346 3193 15691 85506 24990 83707 81005 67217 17618 85734 33572 12903 49083 45450
10115 5950 5142 24971 37519 94352 36601 70970 69454 56679 35203 84374 309 55770 68399 91982 58108 88744 11527 90150 74249 36516 73856 71606 3732 91473 57339 53655 4375 6421 15456 14490 12371 20598 55812 66241 14949 92412 53562
754 49091 88765 85128 65751 60886 69878 57732 18993 58622 69258 25494 49222 22125 99349 20827 25856 90822 78166 95862 11548 938 11318 42389 29660 48267 98200 12252 79567 6964 65814 80320 56054 70930 81799 38156 48167 51677 95887
83512 26650 81497 9005 75871 3621 8354 13050 45829 15527 91215 58042 43426 8504 85711 85815 38164 33977 84014 50415 13543 90977 32580 10215 63382 3509 8365 17889 68028 76393 13776 51539 3042 11624 60543 95265 31596 85248 8314
