94 91
15289 60338 64035 67533 58348 76859 99404 14438 55697 90072 55586 57083 72104 35670 98792 4497 43731 60485 69568 55855 36437 12351 148 71640 57523 29012 90967 13196 15383 34760 71138 30672 11450 35172 14556 86149 12031 13959 587 67727 20382 56172 41161 92485 8194 56304 13333 68276 16788 82900 24130 69577 95251 40629 41216 69125 85992 32183 82320 1374 83294 53457 48397 94743 4981 62952 97244 17011 76910 97830 1089 13643 70353 42249 6127 78546 98552 19459 46821 31691 18711 87302 1267 30313 44282 42483 99437 30273 91017 98108 31647 90662 67916 96395
1757 72896 59347 99000 6258 52608 96829 7346 66251 67181 65946 88729 62079 64497 24540 25251 96188 59602 12553 97454 89914 56834 56288 5702 3459 63656 20161 51457 54318 88076 47851 56074 77324 7197 55073 83581 76157 68253 90927 58759 51785 56872 47487 13863 37721 72026 39114 50260 47979 68018 64065 37892 24851 20353 59945 44661 360 80105 96117 54677 84533 43968 27102 61856 67516 98526 61788 43672 66778 69066 18782 18563 25938 66269 48777 80010 54646 87890 30269 2625 55907 10685 56868 97110 31037 16813 41770 47749 13269 54239 2425 14153 98206 29527
92360 82073 28052 54148 42097 11182 23213 60878 29744 65502 27146 78520 61863 98144 82762 92131 768 38668 2816 73987 52129 50204 7151 10251 97952 36772 64489 16729 50924 79046 62607 59636 61118 90658 30135 19566 18191 53347 80444 64286 35201 23941 42806 97063 22084 41919 5546 39203 96938 24713 13190 49067 91268 20340 59317 5572 57111 40157 22300 24387 19202 84906 84022 96671 91915 14156 16237 10106 83854 96680 74391 35406 36972 33548 48821 75408 91818 54366 14610 88756 95430 44151 37822 86697 80843 13490 92268 54305 69998 30919 78691 89199 15824 79064
2221 24091 9571 18457 50548 93425 31488 41290 45182 68460 91190 94002 43867 83007 64719 74828 71762 60148 18979 25935 46845 16173 55776 55464 70477 25773 86383 49168 31323 18558 44583 33544 59000 54154 68352 9547 63930 99840 50837 9111 84651 58378 19465 44869 41384 84183 36048 13146 44331 55026 55432 7527 87550 11208 79342 58027 36980 82076 23546 84655 634 68128 18198 59633 22281 2901 85532 2562 2740 52720 11673 3742 11097 47489 48610 52480 31671 84658 81977 92353 56035 37409 16231 43585 64968 95573 17963 18299 77648 41508 2953 94633 9635 37502
70618 48268 40403 56149 50829 59494 8868 78853 63236 36316 26341 11845 88795 58012 12854 87124 66716 85241 40884 82947 45177 5851 94871 63139 24149 88870 4646 43454 83503 30632 80955 70472 78899 37709 26620 46080 97203 51839 24932 60438 88154 51273 88634 93300 25636 1488 96775 8703 3080 37658 91649 48256 59860 2871 11394 84009 91741 32391 43814 91595 63022 24768 62066 58273 62477 5037 4352 76031 56875 45635 36468 61380 13259 25101 71031 55246 42940 84158 63949 46019 21815 71949 10626 81675 74820 22019 82035 66560 54409 25848 74506 33783 66967 36571
92055 45795 41607 12758 21825 14833 74744 74644 92564 88003 99745 79946 43248 59036 64103 23548 21407 2270 95497 32032 83944 70316 70403 82330 53227 41163 8177 27732 74945 91495 64302 83351 53642 22260 96108 75466 53444 87204 50110 46007 75206 66206 42304 34805 41593 6407 58353 79351 8676 70201 27735 8971 40516 98137 91300 10094 39299 15828 37825 14244 23674 18478 97594 77315 57089 10054 69133 10532 97257 35594 72890 88814 18151 15193 23618 59743 37951 98322 39094 62978 84874 66828 71948 41741 81316 79599 51834 20614 11778 6010 51209 35452 24487 48803
12766 81575 75208 81898 8458 72464 33843 81347 61277 51993 96540 1246 11736 50842 15920 67181 13820 793 50360 85767 42534 31675 81718 10719 68640 93495 16729 19849 28946 41215 85003 58064 39142 60210 56313 47599 49025 90156 28946 26653 42148 41837 27898 70235 92678 60169 53767 22849 77314 4126 24968 19847 52152 6685 30565 20792 179 63645 56992 45477 4860 41994 3540 60353 18555 76204 24303 67579 66359 69600 94231 24859 11436 38480 95093 20466 15001 48860 43314 92314 69337 68281 12160 21489 91317 59076 58632 7848 22721 15623 53324 43932 73968 73215
20636 92522 49418 44938 76452 15777 14538 87034 56987 42325 41865 68431 79142 56865 33642 38808 49178 2979 23440 77689 40819 14757 53117 99450 22604 92189 31424 92279 36120 21743 65493 73107 30616 14910 18044 7067 47038 48933 10452 4024 91258 52316 72455 70399 9181 6096 25558 74710 25426 48998 68751 66244 80106 21867 82045 2709 14055 29820 94987 66526 51562 60479 39632 98529 91740 57675 5595 38778 6608 16046 59153 14217 84714 47959 967 10246 70407 26525 84955 95832 75522 53705 78428 71979 91923 76824 74687 5977 6644 86025 72502 74557 62855 12133
89438 54594 86160 95032 9723 9119 27430 68876 23335 28495 16834 40653 38740 87240 67177 40046 99424 59050 10103 77851 31028 2025 71026 22066 24354 94021 8090 13207 68578 87296 41692 58015 41890 27851 69398 51612 53321 13179 36839 76655 41673 53673 17307 96764 57264 836 36810 56687 76237 63264 50889 7265 81640 21915 45682 5993 15935 70124 19200 864 57419 77243 75230 99308 5093 60980 67272 58413 74158 4110 51419 32183 74134 85077 28946 47750 2264 82107 20788 78501 61722 71677 2117 43362 9943 47798 65706 25877 34273 1257 43093 91692 78499 18322
7351 83591 95653 74622 58355 69811 95084 26125 18345 85569 27554 63642 33318 29817 62101 54106 24669 23822 42134 43137 83535 52076 7287 49241 94304 41559 50497 37396 33250 28996 72070 56953 28938 67722 31574 3645 53884 43009 46121 88580 44930 73674 52222 78247 19843 30674 48704 44511 54495 7189 87648 54382 59264 11286 3622 69920 52844 70470 23667 2446 99465 12088 59398 44755 79810 7323 48399 50045 50332 10871 38625 11613 84545 7198 89859 20739 37871 54915 65249 8717 62103 69248 63098 37719 80533 66719 23990 49729 53541 47656 52174 53005 59744 11571
14111 55905 18893 78861 22301 85576 89732 60925 97188 90628 84474 3399 11366 22344 74665 92966 31061 53119 62214 94158 7189 59098 77229 31178 8826 30769 95186 77351 125 71281 88921 14236 43537 24166 9448 65837 9741 99179 43114 23281 89806 27587 26679 17523 49931 17695 10489 97343 70813 72702 7852 78002 48151 85080 25531 73329 32200 20716 50679 48677 8348 55952 79264 51884 96469 88711 17721 6209 4242 77186 45841 10399 4772 88871 27922 71054 6565 38410 68396 77378 27463 76248 71731 75613 77679 97261 65293 26231 34329 32324 74907 59028 4627 54170
10912 1095 59232 44984 23655 63473 22169 69496 90224 43292 74718 18145 14346 81283 72906 99093 75012 368 75340 63094 92332 69371 76706 73977 95601 11034 6300 86859 70062 10926 57380 97325 28372 16611 58660 52026 96436 97180 37873 86659 40471 12591 21155 54816 93873 94060 53909 85236 94427 45600 48329 3110 31322 25034 77086 26922 52420 83385 30132 38833 10662 87511 36157 39033 20474 94816 91059 33261 91995 45283 19919 48817 57873 57425 19985 68097 51484 90245 53332 62262 35844 1660 81723 83518 43046 58809 26791 95465 58545 56923 34297 69207 60785 86805
24591 81258 97972 32001 14518 6318 77284 50788 55134 35156 24564 91470 3253 76047 81714 72936 54660 33910 74596 36383 17427 33993 11543 44217 45809 70087 1139 96457 55645 61924 83261 80236 59533 97584 12236 90403 3901 5871 41190 75386 41027 65754 83208 60631 58152 64921 33566 29164 98830 24513 65546 16256 58505 77088 60473 4313 63526 77963 17121 19171 56238 381 99406 15771 97964 27993 6173 18216 33864 63714 9954 91242 45819 93161 51872 3971 74433 1789 49486 73263 26302 31383 5870 1158 24822 82694 21823 88347 60657 38943 7517 33246 55676 23274
65368 69991 51267 87892 4559 85130 51606 30864 92723 13776 24024 44594 34098 14808 46382 83583 88070 89035 14965 93940 6545 39786 76633 28367 28133 53641 83661 52001 86887 39336 75275 68606 9327 42893 56498 30237 28022 8103 61100 20744 38230 85123 81689 72328 16282 44422 55910 4352 33457 70875 14643 40001 27012 7627 84719 55144 77620 68379 23497 80858 24067 98771 49463 33393 41663 5960 79981 86036 30414 41080 23131 68644 42554 4819 40971 58835 65592 96880 63186 99048 84106 94180 55400 11118 18159 56470 82613 95778 24849 6109 76635 48915 21231 42449
98659 62893 48409 78639 65280 78822 36070 88410 63817 78623 9580 21139 37457 75172 34371 16995 90571 18476 11174 62323 45945 29332 18792 28558 41461 59992 51018 18095 25258 72249 60544 23916 35141 25304 18906 421 20477 54975 5182 84294 49949 14762 5432 87406 6285 56154 4400 13207 74630 31925 75529 20574 77609 10673 65483 19069 70664 16501 53516 95922 88749 30411 36189 40241 55714 71447 57013 92542 42773 62195 93187 92722 93308 14971 80127 15944 71124 878 29150 45753 49154 21031 82679 26762 48055 64513 45831 18718 81013 15698 30991 86113 46108 67180
26354 18173 54978 83366 10714 97750 61912 3901 90471 55219 18871 86949 87514 6346 4178 16664 52099 53332 54046 51129 80093 2100 15641 42275 37169 13006 74324 68160 99118 20431 51691 41823 54955 6668 25189 82021 4417 87100 2273 11240 58671 21143 14540 46184 27488 18718 79199 95938 72049 49596 63418 68493 51695 79059 10768 5216 92064 85091 73375 7533 21874 41417 49356 76828 48084 74544 58848 68852 77995 61120 96443 53017 98614 10983 15553 42454 29700 94751 54743 1748 60699 18161 70240 28745 13571 97359 33960 21986 98802 23686 29518 20675 65102 78873
13854 29537 69768 89054 98389 64115 66525 94831 17131 81491 5813 49035 40296 51864 60138 11390 69963 20836 29550 40203 49580 59472 53913 99892 81457 52714 23577 10975 89740 5031 6199 19946 34567 75967 8999 32955 40081 91875 44138 73563 73365 66302 22598 13660 18166 99087 41402 88128 19922 70951 44682 85853 46775 98595 85744 28231 67660 25673 55557 73752 30703 61756 93697 65269 37722 2695 14576 94154 94569 75065 67716 84286 41366 6665 14297 75883 5751 55698 64011 42024 43001 25044 27877 89775 39990 29972 18005 7650 55644 73562 81401 86346 35317 75097
67967 89390 94143 82542 83543 5063 57606 67610 89348 15323 90627 3645 91206 12729 75694 71568 54753 18694 96611 98981 8468 36601 45304 42825 60602 948 32738 42002 3645 84406 33450 71611 73795 43944 70504 73689 49006 44461 41298 54706 59784 48276 74702 67341 61005 50395 38908 15757 85441 35518 31089 93908 72118 76392 53084 32719 93691 85821 91072 97336 86578 40873 85298 76724 1168 55802 50412 50174 16614 8062 21231 92749 56337 95932 60089 17341 62678 15348 49449 48118 50866 80537 58378 39335 73281 11461 88406 66971 13634 95829 64306 211 36702 65956
93287 37869 38109 43698 4394 54722 51759 41976 47471 24448 54259 23911 58140 16937 39259 7589 81406 6476 4477 56135 45810 94109 67596 50567 61080 97581 46396 41737 14143 99449 7692 7429 53669 45800 67479 58063 16874 35589 16390 64344 60036 70649 4606 18176 3937 43864 42116 85342 66691 62944 41477 28853 57053 25424 79419 18132 39356 25814 76220 53498 25262 83912 77279 78931 46063 44757 53345 62936 80345 69734 43631 56733 56734 48237 91260 60670 8452 33375 62364 75143 12670 20192 3995 69722 61967 99765 4205 1322 25579 80425 71171 67192 80688 48449
62474 26750 9557 15818 89686 6254 1904 49668 62986 74989 97904 54245 35659 22708 3971 14374 14202 32992 34565 18196 2714 96531 17960 23270 14204 59890 20046 85374 43434 733 50175 5907 43835 59731 38077 33520 65984 39980 99539 45321 31320 97443 15917 66978 20150 19887 81351 50703 52879 32267 68898 71944 28797 3209 95213 43000 79451 31611 44726 22884 32343 94900 28790 76177 70982 66866 26048 53318 23197 25587 98638 54517 39381 14555 37846 75882 50793 35549 26584 3671 67815 11833 91966 12964 31393 3531 72315 10843 35141 17040 50078 83835 28291 78868
60012 99273 62085 2411 52590 1634 44349 67579 72502 83729 98485 10347 59610 49278 62247 2545 69300 30062 14377 61266 59377 45770 81148 31691 72964 16288 65083 23042 122 93373 18261 76485 8997 80345 78896 77938 98330 23244 45517 70831 23325 44001 97530 99286 93278 59776 1831 78930 6189 16207 40195 65565 78328 21342 13608 67644 53981 78690 90685 70454 88414 8945 46939 97411 5641 42186 91700 20323 81781 37216 91153 5105 97569 5034 4391 7198 64810 22573 86127 87350 55131 42673 69267 33459 80366 82874 1102 34346 77915 8138 4800 82680 33434 68090
96442 39074 10275 88142 75748 92055 41709 66901 13512 39277 71934 34254 46475 53095 56826 48953 40445 11956 91626 26063 61766 71991 25288 79219 22689 3202 3708 27488 2233 37141 95577 98675 92567 22203 3168 68314 30609 44876 51566 60472 84153 23500 94725 46979 92946 67902 95931 49742 96210 3908 75804 74327 75899 1091 53546 14939 20644 73605 42426 22877 10746 54354 37903 3312 92908 41070 87977 23516 85945 39543 340 86449 79394 95064 49779 88691 79318 62062 38433 75527 65969 30588 66205 58219 48031 36102 73157 85026 9707 31934 24254 20452 2639 62156
40115 95546 19577 44443 35414 5522 83985 35753 8322 79730 47168 58101 68421 26485 20162 23205 18363 2482 53792 84568 60701 1822 20669 50209 86848 46727 82143 11101 67178 84781 89609 23644 80327 9185 68087 15740 31058 68423 67844 39380 48153 15011 13832 32925 57848 50345 56129 76210 52826 9920 77129 29878 28094 14150 80087 14941 60876 62229 42393 44406 63361 48353 68049 60039 57538 52487 92130 4947 20910 59973 60678 85414 74984 74509 18338 32831 24853 74466 25392 94031 84385 2521 23908 12478 33022 20346 43770 93897 98926 2515 38302 62287 50867 22703
22325 24756 75189 30807 29703 12450 90779 90380 97863 82114 81241 16200 31296 22445 90665 73040 16475 75050 91912 56735 3879 24933 77080 64001 35181 76006 66515 89835 38292 33733 12537 76968 58489 4077 7774 4543 16527 14905 94922 14389 97018 76162 30589 44666 98607 21253 17705 31433 12654 9616 88167 16533 50900 65247 96885 86080 41252 63399 75914 95895 97131 88450 89214 71971 92527 96988 76513 9053 28244 87787 39793 41613 80300 70381 86278 95258 7986 20334 26691 20639 29949 31209 53523 80848 96455 50407 83280 54058 13805 59193 49952 27288 63995 39166
15610 72873 52505 8475 98277 80748 96261 38069 22360 76560 8450 24990 88170 16435 45323 14860 53425 91624 46068 6948 72471 58875 57354 55750 12932 87511 31295 79236 31150 95289 34753 63111 84513 3609 71585 82789 708 67845 20857 23067 60757 45658 64408 48926 78444 9731 80137 31869 1354 42556 38816 90176 1430 12521 62278 30714 16383 93572 26301 47532 5212 61053 10643 89724 81013 98579 72512 81720 82776 9720 21138 43532 71730 85546 8809 50173 11628 5297 82041 12981 47852 37208 19508 65634 66081 81785 96347 82463 91708 38999 46347 13271 16403 73341
19346 97415 71919 8209 95486 54694 17929 16623 14577 89658 18520 39737 56182 30147 45033 38223 59479 9237 91782 78987 74870 57862 77123 87568 56677 85183 26566 3023 98453 59320 92715 17799 56734 80985 26007 52219 52031 60287 85193 66607 66296 3713 22696 22478 50211 84080 77052 9690 9668 68833 5028 889 43047 82150 88456 99723 83684 31373 19097 82137 90692 28163 16287 63777 9147 58645 15995 61177 18932 17540 44136 1579 21252 66831 24056 71462 67262 1107 81151 76930 86292 2530 77818 29338 1032 82626 45412 84715 30350 80860 66851 37394 9022 99489
1170 34520 58134 33517 95697 93417 51056 56184 94995 72307 23014 35403 60120 90275 36509 57623 83556 22800 60152 61374 68489 61183 43999 13900 45898 90700 11111 29100 28093 20132 44941 29263 71004 19426 62779 66700 12842 30186 22883 24188 18844 62248 75942 78963 68874 12451 52937 52430 51602 13089 30155 20091 90623 90505 50342 52872 81204 61453 98324 9297 97936 43264 54911 68939 62689 34041 51990 91882 64226 91224 32421 83069 69823 8363 78383 38697 20813 31320 7478 88766 60760 53984 8856 51382 44488 59198 4254 25691 20650 2577 51339 34937 62192 6249
3876 24880 40289 72217 33113 20866 63441 65533 3934 33263 73895 98669 88311 11059 29988 95788 99825 7099 49771 8680 58480 10610 84229 79085 52653 21230 98013 3991 56167 60204 26592 76394 1435 66880 48610 34547 4098 12050 80 8031 61665 73974 23051 49975 85033 69390 62115 1209 76488 28237 9888 34968 38847 10469 30404 91499 31698 28417 11841 4216 4972 38432 80609 6407 21664 29219 40953 25761 57620 57384 50143 35636 47710 73194 85611 49094 42583 64077 50302 35423 92313 76541 70390 31159 87009 17145 39009 35059 45561 50850 39274 66885 5633 19883
73291 27296 65453 30595 69408 39424 87979 19551 75060 52040 9096 77022 1133 68030 41098 51434 3452 33410 27974 90193 80921 14983 7338 19929 50041 69250 87130 89314 36134 92763 25548 25776 36410 7352 56371 5818 63128 60701 41720 38187 12740 67167 31560 30224 51548 72657 81657 71352 6066 9630 61544 3338 40964 85233 23267 7356 70835 26748 13022 6968 19510 38569 32744 72272 62273 5466 94441 25400 82518 52512 79938 11609 36030 11497 41832 87577 84153 23488 75280 6570 49469 36824 9908 6785 38408 49526 14140 9242 76273 27161 32562 12135 82082 81657
84406 44354 3474 95198 86105 85991 47709 66042 13951 83738 93890 55782 87666 78042 95621 62946 963 61441 16121 27222 68225 70880 76747 82365 80122 69372 25877 29035 81506 7958 10691 82263 68663 30516 77460 54767 32858 41520 37160 46808 25257 31049 18941 29274 25442 30913 92219 42757 92353 24691 69978 76930 95571 46725 75646 92044 32448 1522 21078 13953 9480 48120 12567 78142 78635 90026 49261 11492 47897 86420 58299 89505 33821 93591 18778 75614 24503 27349 18370 16855 52039 88348 10136 47609 51424 85781 39652 83871 87303 60729 97823 96782 8848 26741
91275 3834 33118 56887 15325 81014 59659 89975 70518 93479 83565 89295 69092 8067 16643 87462 41274 68682 75809 51409 32642 43584 37190 72294 27454 24492 49374 41628 37625 74574 68368 45251 78407 1485 2138 10084 82498 61796 58 53015 71626 83623 58661 40717 8041 91656 44530 49314 76689 36690 17075 9330 80273 54264 81623 7726 95107 47349 49353 49083 21922 34072 10685 16680 35556 12822 26763 18053 90969 26821 87419 62594 26795 46080 19663 34835 37735 64192 84149 14423 882 17575 40104 97506 88190 38079 5232 83296 85427 70936 48730 7348 5008 59414
24027 40563 88588 67142 74968 79556 93962 62386 58502 20756 24817 78164 55590 62551 42355 56090 93325 59588 73664 33429 57094 78205 71507 78677 77852 73285 49612 26581 80632 70971 2347 21010 27886 90934 88151 2853 86841 98464 81590 45342 19219 6407 23505 91161 85309 82212 63602 94986 41799 53618 28414 98892 31822 16272 77568 9674 89556 27180 52606 86539 14502 54952 23900 42387 62237 28403 45239 65430 26866 43181 27123 62437 49587 50628 69949 51247 32839 33550 46232 74637 3519 90997 89881 35341 23620 67448 61366 13175 10979 13971 16065 25481 85275 56317
67867 63863 84719 29458 29292 27936 72638 72767 6724 38576 23394 76672 89822 72584 26574 36054 63572 30092 43402 53452 81784 67022 37252 59501 96548 48230 73472 28965 90062 75098 85281 74281 38960 69999 3738 84604 14286 92727 57370 21010 31302 97115 14033 21123 86050 40606 73528 49621 87050 16930 19425 85185 303 56676 44686 96850 21257 34509 25814 11319 9606 27446 85599 64917 13796 5688 65872 28082 98414 39593 65443 29715 36707 79475 67189 39108 36433 40717 88729 23482 73998 24505 8666 90652 97532 69703 3853 18788 4211 29667 46458 13816 73464 48408
95085 87260 54095 60956 15341 52508 549 80783 98574 53607 60257 65763 92715 96689 22831 97795 36522 13180 22299 61540 3831 36182 31242 7683 54969 51805 53701 17779 65620 27165 66186 77056 14424 20281 54364 29764 89140 54912 26898 87714 24870 3506 69828 33936 16547 92658 31730 53068 22189 70380 30959 26019 6561 62201 50053 77882 14005 3754 95660 95976 30918 61845 73032 61693 98477 43747 7808 87617 98658 34705 91682 39879 38210 61509 73815 54756 70518 21896 24176 92706 8628 55134 35076 31540 33686 85128 9421 47690 88881 5080 60018 36150 83277 49401
97842 81753 93147 5649 85721 8156 56705 77402 48034 11267 38910 38200 66022 25779 76448 6549 18484 85075 61683 69911 16614 95368 55039 26035 59410 43919 47466 19427 96421 47094 85179 94262 45199 78325 16263 30919 86480 89319 8321 50865 585 63582 5417 82959 89361 81864 89507 24196 83290 51189 94107 99903 62909 65497 42289 22318 25767 6107 58096 22187 69552 43274 32801 14750 21598 65415 62021 24429 54733 86693 91645 55318 50274 13413 38276 55986 95276 27782 96534 78565 95323 6992 94820 58231 72488 53460 96900 98254 59566 54995 36793 45470 98268 69593
60219 36217 35007 22239 76997 89739 25283 68641 61408 75557 82054 16035 47894 93681 60169 60779 88598 55491 84122 99769 30073 56609 53228 26972 71215 29146 81966 8007 74615 96585 93951 51185 32801 28957 89776 26149 35047 15058 94789 12807 6966 93194 28841 71212 3227 89009 31990 8176 44499 16112 7944 90923 89072 77523 17894 76638 6668 16211 996 81282 29147 94946 48819 78299 23902 38594 4447 75301 53651 15588 88107 60617 25133 16947 31828 28359 22308 80169 52886 83158 12632 60829 74081 18056 38352 8326 94693 61371 24537 95689 59005 70035 6986 7823
48334 47240 46416 52780 22540 16418 68367 26998 77034 93500 43944 25213 38210 66251 5382 91096 49409 34365 51924 39841 52420 6627 48166 63465 67998 89054 75505 27002 59089 82490 51176 7422 29729 97591 60201 68620 14008 44920 95617 7394 38419 55913 32606 76628 38515 54339 84075 4275 5056 52351 44115 73827 58977 8633 37291 43326 97686 29147 86679 73126 27989 37854 96899 74069 51796 57100 42689 82156 18371 54657 89549 56789 10569 38506 49768 49084 9197 50195 53358 14252 2545 13825 88078 77873 22457 41721 21199 36494 70867 24229 9620 15207 62083 6518
89276 30230 79969 48316 12385 98339 2972 1933 71479 29893 56791 37599 78976 65987 87793 48685 80238 6689 78861 84667 84561 1317 26387 22111 54163 13606 46340 63782 28812 24774 86651 34439 55003 82972 82754 67388 97662 2078 85672 69141 31970 42462 23091 27297 8448 27235 75981 5037 33923 71194 89704 34835 72510 32442 56946 26672 46047 19637 6805 91211 60762 9808 25649 15764 92779 24755 99503 90440 26832 1527 75932 58801 60340 15374 86097 85140 58960 78429 90176 92882 49622 96231 44069 38484 45025 17366 81507 7423 37002 4664 98633 97763 14471 40634
29878 23601 65388 45733 30392 8571 47259 22676 67371 23950 54401 69819 9089 13361 64599 15617 22594 14221 11847 66662 69056 73223 379 50562 80646 37380 71577 95630 51494 2399 52615 97724 42351 34354 43456 89095 42924 7066 11770 26646 31015 82522 96464 40104 95882 61063 55720 18476 91635 83918 1489 77042 73493 1868 43955 54138 55599 15532 66119 23445 17930 18734 21168 60281 53087 64623 49375 96011 71688 77496 22656 19054 60017 35472 75509 72251 12886 31228 90726 4520 31498 8566 81561 4990 26785 25515 75479 82384 57398 41597 5828 91680 60330 26995
68312 13417 7969 34038 25779 96008 11533 64786 15061 87901 16609 90570 60151 29494 38149 67228 50365 85998 92146 48277 90987 18930 90144 82817 17665 47541 24414 23492 39220 1095 66838 7531 30863 74806 41568 56641 87165 69452 37779 18578 73705 54387 9147 50207 83881 63647 17435 34245 49645 25932 82522 56983 44861 89017 56152 62526 36557 80565 2369 92129 81659 69207 16011 12522 60364 57579 85514 47529 43382 23292 66106 17086 94031 91604 83645 77911 71602 1079 28507 37598 43362 27380 10933 88222 16396 67084 67099 69305 64000 69468 61433 45658 55026 77443
74531 15389 51373 60045 79269 94755 99688 61726 28192 93718 69681 11836 87980 57635 29266 16487 95232 88979 43866 22516 77201 76614 5951 60651 45918 69950 46470 7350 31960 1495 84792 6490 33236 52517 82886 12504 63623 82574 90582 8166 92643 76614 36354 80623 34248 65619 97109 45832 70950 57326 68347 48150 50291 74298 25152 96208 44247 71622 19909 92558 73116 21053 99048 6351 73569 81933 35207 37191 80858 42140 45356 73501 18753 81709 70475 53001 63680 83935 98832 34629 57612 83530 99130 7903 74179 40633 4110 34778 12254 40371 27335 85370 61423 26382
8072 34991 24667 59630 88533 21876 1769 50240 11728 20522 48301 82202 89874 11980 66136 5057 62960 23748 88586 78441 48002 62765 19073 68463 97542 31327 8833 24876 33048 70255 67610 57471 21597 92276 17101 26481 14151 35221 76721 25879 72094 41373 24432 61967 53352 6920 67023 32663 30667 71961 11103 95020 34725 30175 63482 48618 77853 72315 73493 10900 58921 41102 84723 96870 49729 1823 39702 80232 53395 32774 22462 25489 74146 46893 3807 43849 53812 70830 76511 830 42790 3965 95849 93866 50492 75683 42483 28344 47997 32327 55596 23269 89781 40318
36490 39509 58492 76192 19740 28238 8965 58553 53726 83111 5446 57533 26959 75609 44714 19822 92791 3855 23786 88639 97720 74277 64321 56554 18973 28669 88880 74568 68290 78660 31237 4779 18169 6080 80970 54260 34317 6287 12813 88043 5749 34610 61927 49059 26570 6640 68880 19360 10494 9018 24351 24565 83294 5023 81118 2266 33692 69997 93185 18333 48657 40773 23111 83177 46852 20433 53788 81169 26719 66600 85563 48819 17561 63841 97877 60483 70480 66757 79842 97325 75774 4192 21889 75419 9215 19358 94037 59258 89354 87221 77590 54362 27994 17052
37538 91197 37484 91326 72365 80554 74277 74279 29372 8190 54471 27249 68672 41302 10357 48513 38626 2482 69057 76866 77900 94623 96223 71936 53880 1929 75509 47821 56290 3502 81224 10180 94698 18708 1505 83415 15613 92133 74045 61337 322 28516 4937 68993 69817 15293 33858 24795 34126 19266 18012 12025 13888 30587 313 84119 32515 75821 48291 5156 95674 29514 15335 6723 64573 33191 6489 80186 25324 80534 57874 41997 25401 62810 27342 11569 94454 61199 36363 28579 96816 70727 56955 10703 1313 57267 94821 33827 49439 59463 55334 45112 88976 70669
68187 53549 3859 74675 50086 45534 71560 7959 87531 96960 70768 31224 8529 65221 8774 61243 10151 5589 31969 67105 16291 49633 24372 27463 83459 90162 86925 55145 35274 92252 25813 3460 45800 46023 94486 12237 91557 66046 20195 95439 63005 7314 26662 87885 72534 35435 65480 99036 41023 13800 66141 73665 63433 6864 17479 63243 97025 20755 18387 48650 13006 44199 52109 75158 6574 62947 87394 14482 28992 7589 9920 8348 14902 52933 96233 3788 4719 78064 2823 62093 91863 85315 35757 55295 92178 53235 18538 89203 90341 53276 37852 3346 13827 6313
78503 20400 69259 65897 34881 98250 89837 61152 22949 4738 14084 19181 24877 18802 97244 44052 80894 5459 29366 33002 60753 37896 2588 95642 43450 92928 65270 97653 96273 79096 3965 74776 99495 89575 57024 50727 4176 46860 11878 27125 67949 42313 62657 92826 61114 76253 53229 58359 81711 98946 91360 58815 36841 10299 70809 80290 3226 36078 77943 15850 15173 98259 90625 31019 4186 64000 98097 8361 10859 9974 51837 78808 68638 14494 87985 29751 90746 57565 4461 88808 56510 12172 47622 9703 22470 18430 6344 42047 54507 638 57896 86031 98897 64873
33401 19434 28872 31497 27794 56083 41470 95983 51242 26459 10476 39226 72561 17573 13142 77021 6380 69651 5544 70353 95705 28013 88783 2049 70059 59641 2686 44307 45672 17934 9179 79072 37367 54402 26921 81513 10484 84742 77495 61725 11201 4322 17302 83761 38246 30443 60782 60977 16446 66325 31329 12150 10690 36463 14198 97100 96104 33236 41406 58127 51169 66936 53550 4888 21338 80470 86400 48173 65212 80246 9898 76412 919 43551 76524 39164 90346 37305 140 6791 19982 47820 35292 47023 84283 65842 60474 96738 99077 18232 54864 66597 85167 24765
71484 22856 21587 57883 71029 86798 54480 97278 79561 55398 40828 56084 94561 31173 9741 11052 54315 46074 75224 89607 9448 59506 55448 69921 72595 70876 88152 43810 37472 89671 68574 25308 12526 90160 83190 99906 93309 37670 13535 89221 9419 70715 61657 3980 1887 87749 31383 72554 50174 6606 78512 59621 82463 50311 45893 55057 21186 34045 15218 75009 40067 83792 316 68944 90303 99858 68850 99964 53879 98736 5536 63297 69450 83544 83628 87689 71292 15011 60242 37817 37968 38753 97437 36783 89063 43330 8191 10248 93726 23409 1608 33792 23552 1924
19087 30206 1781 87936 46521 55659 3024 52057 18955 72473 35600 18935 60161 23244 33945 20402 61060 88264 75506 74849 25046 64568 18178 49589 91167 28255 72997 92775 78398 12900 11050 97484 43105 12830 1772 89626 84840 4795 41682 20146 77267 93633 39080 37428 16876 73024 74181 77936 77640 49687 52784 19037 30606 87313 68625 38125 31919 57973 30899 10316 70872 58300 7799 30329 71129 25922 19954 72320 30716 77987 92465 7983 87971 31545 61762 4847 20920 52294 99134 98559 18332 68269 33948 48938 71933 18924 3414 3851 76897 34312 14166 64120 8963 38316
94448 96443 64238 30753 68762 11305 8739 61226 35639 96710 92770 97400 17908 30042 66046 17041 28600 84377 1661 78899 49666 73593 97823 53079 77443 91071 3742 7960 55190 12704 62627 65990 25498 43216 96742 94259 54521 21833 55485 90159 18542 64606 3911 52801 94647 69956 86193 39599 70684 87853 18497 36702 77797 32671 6132 71591 23741 26226 95902 95283 55281 58528 61272 80779 18096 58013 75037 72616 79845 46873 79126 14738 11479 99388 67538 22477 85695 70082 78427 56379 57934 13276 9432 35730 45946 15563 23672 86039 41788 19573 81321 13421 78101 42592
94199 12548 16956 69235 85163 13153 16108 80640 27890 43938 80028 11780 82766 65722 98213 61193 38452 56147 74468 47883 8228 20413 79798 48252 22803 37937 67824 4123 51357 62276 63066 45555 74823 96374 31142 76337 9526 63601 56977 53767 7538 53356 81898 90303 35429 80111 51495 73881 52609 42314 38115 77188 62727 34264 25439 1881 72201 93263 6004 39909 71890 85421 1816 46713 98146 32957 23049 7671 12909 96377 77790 20446 66084 76039 27100 1513 56149 94947 75393 25109 37260 29859 18649 16338 64123 60439 18219 52675 70053 40574 8935 41943 42346 10750
88655 40492 60058 28055 64514 72966 40784 42303 9763 6867 18342 36863 8379 90842 48161 123 32303 85420 29982 50951 1758 10456 11389 36328 79482 81442 76901 88416 39736 19246 15518 28390 76089 91927 72796 40603 64893 13579 99257 91007 36798 17598 44221 61528 24792 92381 61651 73446 94153 7984 40748 12262 34791 68488 48589 14272 49929 41841 19039 89664 77438 34556 34405 53527 26483 23553 94129 7727 53483 93385 15085 90280 27335 59306 68160 68478 68038 46162 41923 62190 70497 82670 74451 5287 51157 39391 35910 17438 81231 54948 23453 75021 89504 74210
28547 32338 14114 39027 40064 67596 48763 71500 74228 92449 30805 42387 60926 15195 4900 19200 77384 75396 18221 68187 80682 85730 23929 32943 19519 21512 87890 59323 96532 93745 33532 41430 26082 63997 80456 82497 31593 45570 53997 22172 38019 1153 64558 15296 16347 85809 34496 10083 61204 69068 94621 58237 54797 18549 91179 90667 40060 79068 49990 52943 72813 99873 94372 15246 63870 74827 97743 95462 36749 68091 33985 74767 69243 98542 90062 1942 702 40909 12024 61905 9977 6644 36493 81125 41544 27671 71792 81604 23090 21781 50898 12254 38005 45270
43852 1874 36448 41594 13687 73196 26036 47671 47962 95278 62564 54376 97219 63265 11636 25594 41521 21612 48589 78013 19089 90133 22035 90880 88088 45125 29012 38985 73730 67016 84254 17581 85242 37054 75526 98928 10249 1561 46599 74563 13191 25514 28938 26761 88779 40573 52355 46651 78537 17295 24664 97625 7427 46698 4856 11866 8174 50219 67203 98256 17234 51456 15836 18827 4861 7714 17755 15110 9274 80705 89672 22464 22570 34961 65577 11348 91885 17931 74351 86773 51577 99014 749 59004 62063 5604 87221 86589 55822 54423 84844 89408 22231 17031
8234 27091 24744 42340 42200 50370 39396 48223 89185 61966 99535 54761 89665 91420 89043 64015 94544 40620 63028 95293 15975 41443 17248 3195 28031 89422 57618 29226 78829 79848 46256 3414 6938 87352 45754 65490 37721 85149 30064 26905 47114 29599 98018 36779 37370 87060 793 31913 44031 80173 43557 60005 37967 60805 63200 65997 50226 20817 11574 29054 17016 57829 48819 40305 61532 94572 22146 99252 96073 52210 42509 59538 81808 56878 12668 19177 43937 29813 67441 87968 9985 10998 47972 64303 71802 27523 30299 38379 64691 58224 83784 98058 32404 32602
38363 93936 43526 76860 9539 39598 29069 52047 15487 27228 8924 28155 62756 69213 57967 30197 73532 84303 57546 37855 48605 45699 65378 95255 84077 46420 53478 67860 44478 85881 461 82840 79816 43986 59699 89355 99935 5120 57753 15422 32347 83029 43576 95103 68593 1542 41651 42124 85844 99196 96330 34448 44894 78059 29702 45322 24479 99531 13181 68956 85411 13641 68147 81579 73979 27845 70933 73913 49316 45037 5686 81663 44417 49261 93117 13009 67154 34767 71484 69349 50314 67814 20148 11559 45872 66201 56880 86702 65731 70060 55657 67494 52 23803
49072 74030 68000 36356 64295 17315 81392 69980 15329 25809 35593 24797 55169 19098 59563 26653 4799 26228 10818 24946 37786 73041 7499 94665 59743 89581 81076 31751 57074 81128 55554 6145 55157 39905 58852 35803 73571 40244 22135 88900 82404 57727 13696 37572 93176 89611 80576 97974 15838 7745 39272 69976 80786 46770 64640 56880 36350 45716 88630 9776 43195 60535 15920 98351 439 74772 50506 74010 31367 72640 79261 30122 30366 9308 84045 23541 98918 64621 37867 31108 88717 77138 1083 69502 23907 82074 42733 76608 27789 47715 86383 70983 8249 18655
85686 25040 9778 36191 15401 57496 25182 94661 87617 71899 3968 71661 11791 19238 52633 49657 50345 41350 26794 67779 27203 67052 49852 69936 43660 93993 34002 30042 64975 58602 65048 67012 83641 74825 19554 99041 48672 44735 10053 36288 16633 30373 7949 44776 49610 76933 94432 16306 18282 21226 84084 45485 88277 33935 31772 48288 27927 65773 94682 9254 24374 59729 92617 24367 50906 28523 39759 99577 73257 49812 52217 6242 96536 76517 51017 46145 53449 61800 78802 71731 99377 79237 33567 87654 29523 81690 52293 73802 63814 46974 83055 88187 23055 92023
28905 90312 20545 68664 6240 10154 34827 58456 32747 31362 51324 115 93858 4773 61914 72659 92855 61291 51895 26421 65296 81417 24462 33940 55218 88275 97266 54624 92813 20320 62999 21718 26983 83543 90381 33222 10048 25207 8030 59146 72920 59353 59260 66777 64125 37526 39435 73331 15168 7681 16103 80463 89097 40564 30754 60667 28838 28019 31642 21651 48338 94640 59720 91672 94535 66452 24894 20934 91658 49275 80080 80929 8627 39339 47705 89104 93216 87139 62434 8383 94819 78537 88845 267 35452 35951 77285 64290 63969 25279 2292 28659 19918 62011
20330 30804 28462 61575 51738 36471 10849 48169 17399 35828 87507 65103 24931 80723 68593 3716 5457 79763 82252 10654 96381 17704 46604 73666 98345 10572 98944 636 39230 35213 78998 59560 66017 23811 37486 34106 76633 48335 82274 10383 84162 86132 75485 25444 83206 60429 29159 88663 40191 27763 99316 36571 45466 45919 26588 60162 72842 25531 77149 12072 77096 72498 87983 43112 96308 25468 93569 72940 90154 92194 83322 74315 78325 75158 16110 77883 51938 45269 82897 92128 73031 82212 45050 34848 44482 71638 95009 17323 13520 72157 45746 90615 61006 33728
50078 57313 75548 59998 46604 65701 52191 46277 56368 46868 37786 72477 41102 89723 17745 23998 98202 7127 22561 59603 41974 67042 47592 36982 716 61112 25490 46462 68078 2847 96541 34508 60159 72088 94505 23114 37789 63048 69390 10508 26267 7175 82984 67368 13249 17081 91365 11450 24207 13925 71053 82533 97318 34996 35866 98033 96107 61356 60846 80537 64202 57387 31396 40713 29474 25900 63826 83614 5299 49568 94121 31565 73094 93457 98932 86343 26889 6648 14144 67447 20572 1548 49979 34241 36544 85845 48626 49002 63552 9471 29538 44105 66857 77285
1169 96331 19537 81347 79944 24835 30914 90417 56400 20359 83873 71683 6701 27113 78331 37197 94559 15254 38744 44538 49495 75287 46734 98120 24289 10285 7590 70178 70741 90799 63815 71910 87129 83351 53256 83424 8185 521 73840 80936 20879 74064 52619 43932 1176 47301 81128 12087 62554 19871 72976 28400 11510 19709 42871 52150 46345 66813 38679 33437 57611 2493 5346 61091 85843 74953 44514 94028 91825 34706 91315 12704 8769 43933 56635 26297 91233 54114 38383 70139 73984 27710 98538 1845 47418 57761 53994 10114 24573 92673 43550 98535 95165 65248
59625 97360 40200 20490 7739 32025 55195 99053 61080 63964 42986 34066 6612 50570 88179 61346 37060 78514 89055 51950 80359 36472 9710 50704 62937 50634 43376 6486 49168 54893 71733 25144 52252 28285 45633 76342 60309 828 75394 37740 81143 34731 71805 4106 1653 76335 65451 38712 54848 54505 90661 51558 7328 370 2262 70264 67355 45637 76749 32874 16881 64834 58017 85484 93118 20002 61825 69778 37181 37219 7517 34675 88301 95673 38780 89953 72007 4230 28665 26854 58734 19325 78412 82413 36047 80673 52676 3401 42661 45776 36275 59542 10609 10643
45025 3726 46996 23202 89855 84176 76772 97371 18850 65072 93043 57629 55025 81401 78210 41 8255 53295 35717 3018 35707 71763 42 88382 91516 42702 34158 44142 18595 61118 54784 79972 81196 18132 3173 71050 2307 79944 84773 37509 61367 77815 11489 32743 75568 89699 32783 83822 42993 68500 3191 78700 56614 3232 83433 48129 45933 17590 8622 64528 78708 79758 44499 76255 97889 64023 47304 195 60318 32076 54055 21684 26243 65544 54427 1810 71594 3561 1983 14586 88412 5173 9637 45026 8404 93070 9506 70688 27011 18128 51567 22070 97885 12417
98324 12125 76439 45628 28671 36756 77703 82726 74792 20297 64621 29218 22106 36214 32778 24088 67151 21190 29260 76788 82567 54015 86209 92072 41055 13219 26551 92621 51641 40787 21390 49964 52911 14180 11943 81582 67288 5998 80659 42079 26294 45279 71296 48400 81492 20425 88839 64994 41614 34451 58133 40532 88465 44341 32604 45871 73912 75506 54844 41904 16293 76233 91867 85555 90412 20162 67136 57699 26159 47794 99777 52452 9424 87424 17203 7267 7849 6042 72261 65814 40492 46745 6346 45308 91086 55301 91179 81349 47158 46022 23252 79802 22254 31470
65357 29017 51631 48844 3068 77789 12990 19196 46593 22413 6620 63795 29680 30820 69836 18292 12985 26679 65036 35682 71987 72473 7334 63165 53821 54492 25538 93424 34293 64143 41246 16001 93159 92876 64845 12578 87017 94186 31774 33609 16598 54745 97403 62629 85564 83591 80920 14900 10269 45956 50582 82255 34780 57915 61771 4953 12406 3660 98376 63051 67802 39621 95403 77313 48849 60247 89890 35865 54432 21663 85825 87382 76407 83227 50010 78322 83169 47282 93222 93438 9589 43803 92044 44368 18069 70167 49320 46827 73826 64048 26229 57980 20020 21631
35292 68868 81878 25181 4732 52661 63196 90556 56394 55954 90135 6404 50628 89655 70037 60201 83092 79625 20355 91488 23992 38423 78006 89664 85249 51831 53711 11477 9810 73730 33108 61453 42598 31337 86634 63681 349 66181 70589 73095 38486 77075 95850 89113 66729 65886 49313 66173 45510 69667 74012 85853 24442 52017 75516 9690 20199 45578 37519 30009 19308 86978 7813 78257 34666 94446 58289 51366 76978 45229 24460 15464 22303 20309 20928 5384 86194 70241 71556 48055 56259 45567 33908 80700 97583 25775 6742 17781 71353 44260 64141 7012 47589 71954
1620 98606 82751 59908 49971 76081 5137 90783 91544 43791 11091 28823 49174 13637 15415 37081 61691 71674 82647 11950 68725 96581 54077 75466 30714 41781 36077 94854 65144 83665 83159 66763 82270 82262 43022 48593 58342 64510 39375 66237 8301 50465 95059 73826 80453 10474 10907 58496 98499 9905 86797 67223 6486 40873 42689 37199 99005 78765 48404 64148 78782 47915 30910 77403 30176 73932 25995 88517 38441 65369 54753 63093 32186 49811 36919 28990 76636 47825 87485 75134 74081 74282 42357 80566 31506 1397 34116 30511 80161 82520 94658 75294 46786 41920
52697 76961 32203 95043 65477 86995 60412 36581 50088 8949 2743 3358 37938 79379 67534 41775 70864 41614 32408 13220 22180 63913 14616 56295 10775 11129 55166 21785 86422 1951 63704 55470 95263 12258 50513 60739 99252 27276 13671 49339 52576 16414 69048 6865 12144 36581 48639 83007 78195 81046 96227 16726 61311 27194 89372 72085 38322 60890 93869 41096 79192 73924 96565 74455 86181 63429 51545 85433 90704 65216 51123 59631 81629 36523 66496 10124 73103 15134 93130 51297 12532 89356 84374 90194 32902 73746 62278 71223 34635 72499 28670 13826 46422 41587
88280 48955 5015 56177 50739 12071 21392 18213 71701 19372 54735 38196 29495 27838 69682 22624 95486 98565 28332 79860 88758 61233 69957 51035 48807 20943 39885 93829 34768 2659 35415 39400 51613 40429 95576 2351 68851 33319 20563 40552 52690 91650 78747 98536 19487 64780 37511 31324 63344 65842 11183 52101 43426 97491 19488 8585 18433 59372 2413 69553 62030 54179 8952 29994 94607 20879 32344 63458 54197 69259 20361 23238 60908 99107 21773 96746 80239 59283 28069 43582 41477 55604 95683 1254 53094 15170 9838 87879 90893 28602 57431 52923 82780 66382
82916 93739 3612 31612 73548 74160 17222 93908 97397 94481 9366 35521 7578 89604 11155 35646 33186 68983 7601 45220 70237 77047 60389 96426 64925 67633 41380 22355 20555 24159 5088 19823 34249 25051 67786 7796 99210 85007 18055 12958 95839 27421 64830 3416 33376 92336 55413 66561 61319 63014 28132 47907 40060 4872 60684 21336 72505 2063 60042 93059 42574 65129 29233 76822 90179 97018 970 89388 98376 19024 18697 94214 62796 83526 97629 96172 75861 53042 79084 53531 32407 7216 1437 88818 12087 62121 10153 84591 80535 70194 94002 23108 51674 23234
16282 41852 36604 17251 47591 34979 52626 66287 45545 15422 66164 59525 27945 42024 28918 7028 95555 61324 14243 13343 50141 42682 75463 76645 27272 72350 46838 37625 95457 98511 60859 28090 56714 13814 61692 4304 65144 14318 86942 10688 46091 53105 70213 90387 11481 15482 97414 23387 76806 28009 36729 43298 70690 28544 19943 14313 893 66780 51938 12701 81643 29148 40791 38356 42961 2482 59012 24456 33151 62305 35144 79241 31762 21708 69627 43242 37189 83393 66628 30346 27753 19708 73644 98442 48251 93586 29106 65495 76717 81043 78196 58359 10190 35338
13067 69502 37819 88430 93958 70970 50734 45453 66562 82495 83512 52541 42088 20700 35933 25067 67398 63685 44775 41041 78478 9377 50978 7583 91224 44046 4978 69419 18757 31519 21108 31823 1021 58926 20252 11330 46247 87337 56782 29161 86184 40293 81701 28271 77344 33985 53338 44741 14021 14464 2133 8850 40192 69462 32784 31415 13508 37761 17185 32264 69280 38292 80438 86652 13570 17041 97981 59816 4377 54762 88976 90560 11406 87028 35183 5101 37364 4872 49842 51384 35687 68326 60233 75878 37788 9369 23645 67647 47129 40829 99910 16408 95473 80347
19411 9042 13739 17391 68857 18115 88504 74185 25027 99909 77564 76561 21362 14928 81432 87555 66311 17118 55880 42896 9347 10019 52264 32991 77665 15744 73820 93926 32152 85644 90624 51562 94685 4362 85305 79893 38829 73808 54077 80207 90069 47993 56767 11430 62920 38198 98984 29230 71667 71215 88477 81013 81234 57092 14004 75250 72836 4175 85528 21339 89818 76151 89252 84502 96865 74556 80746 35693 64716 51175 15899 71136 99167 89017 82565 62086 27214 97900 7667 98880 85466 96144 79892 83051 69587 10247 58301 42422 14421 43828 63760 20590 36330 69364
21443 33194 43919 2189 85238 24986 53363 17488 96121 52529 6504 95037 14614 50069 92936 38632 65300 78402 34775 45192 61452 20714 71790 36104 63135 86211 96283 43247 6800 48965 28962 44595 82158 72880 46783 83748 14218 145 17587 10338 69025 40443 5375 99990 90511 98310 38621 55811 93063 89748 17354 70867 10461 89143 23322 73595 91705 19605 33193 98505 68569 62154 59451 67078 51386 6233 67177 65603 22729 84764 92292 91753 25206 97666 91742 32068 12328 30362 87878 21742 20109 5231 92608 30569 10726 15930 20516 2430 51886 70060 17286 20454 48566 76736
3883 16303 82968 71060 98257 22048 72175 90548 13800 97380 88214 21893 45799 541 68607 33677 22282 88715 55259 31242 35636 82336 63523 72503 84766 15408 58914 2051 52213 7479 78787 56095 23781 78106 43506 22037 154 15680 28937 30305 29411 17150 52198 91562 34042 20804 25238 56323 25870 96848 87564 77857 79184 67438 50359 63949 82845 9273 82351 35057 33103 77489 7504 73236 55595 67361 11624 72100 99393 40560 2404 45155 57709 70953 36716 91750 91756 78305 64425 33978 75153 68340 11834 70688 35778 78545 50988 34974 4169 33338 70031 37271 10827 93886
26858 82773 61246 38482 71224 76990 95393 73627 22145 69454 60932 58860 61203 69039 37165 41979 3016 28669 26671 31202 15708 62448 9746 66695 97421 13914 16384 83803 51184 43562 94040 78042 26334 71638 32875 13909 48627 28267 3888 70771 97720 64819 45983 75275 33857 99499 33605 53225 44519 60275 84426 60226 39074 94171 26920 36495 8084 43303 36649 75619 86865 30689 70012 29550 2326 19238 59811 67304 47505 63698 54427 61576 28516 16761 36850 78724 16259 86807 31948 60777 47081 32725 21002 86155 26895 64273 39001 51330 23927 75649 43301 27143 22689 13312
56693 41366 32550 16503 8670 96406 96552 79448 74333 25067 96208 27535 3790 12466 14341 52090 89594 61421 84814 26947 63927 28061 91219 2927 79390 15145 94928 22690 42288 33968 52354 15332 75334 1255 48186 355 14012 44737 79802 88344 86155 76009 15878 6296 4826 30218 58385 94419 7991 59551 37717 71917 87611 28935 91196 83352 60431 2475 22394 19070 36442 91099 34401 11775 8705 98938 28481 22716 43674 8282 27411 46180 642 43289 52476 21819 89858 27212 32589 14200 86762 70305 2469 90724 15591 10016 74076 76022 12490 12821 95091 48931 3919 45844
77058 12623 44781 5538 51690 4807 13820 79100 50986 30813 38740 3461 52632 44950 47025 85220 59149 33786 71877 61617 40862 87467 71632 31289 63488 473 44109 74931 49404 64379 20774 26461 77001 65554 31998 28690 86712 62169 24141 37698 92982 62881 57510 61965 7830 4534 63536 83330 54672 35412 61299 95533 39231 49282 26821 19070 49755 87281 94000 99158 51659 14773 41970 28659 96679 73967 73700 83390 52488 97840 37439 45469 77072 94949 23785 1253 99482 87320 84583 54153 39084 45881 66037 78314 95162 92857 97383 44916 80137 7735 60425 48147 22507 2394
76805 35537 76361 66856 35279 45200 81048 72717 90668 74471 67665 30804 75724 83499 34475 60306 37651 73558 22538 20040 68223 17699 12896 81958 78967 9385 89692 39391 73883 28550 58137 50688 80439 50849 33895 15717 96048 31294 4785 3067 5765 72450 33870 81488 72300 68344 41793 26302 58254 80682 46341 42828 98380 75589 41137 93698 1325 30828 49441 75207 75730 7577 42246 72520 74777 76141 88236 70824 7434 9372 73890 13198 98173 24111 11037 70472 92454 69181 96774 67059 49862 43114 26239 64594 18702 67375 58291 20026 14555 7731 95233 90284 31659 37478
79155 6435 29970 67390 93610 53756 93113 67499 66953 91286 91609 94342 61757 415 63522 58530 83825 13384 17996 10063 77977 36697 77438 52619 73075 91992 60350 84659 98627 8360 38488 77781 31147 68458 61522 24756 22213 54634 92255 5517 45919 215 99858 24028 16981 79732 82557 806 93115 16904 27220 71091 53601 4657 23709 43027 13000 410 44037 27978 25122 82524 5758 56268 67333 83631 97375 5897 54617 5981 27766 16887 6196 43975 40914 39528 23706 39823 40333 16820 56726 67553 4262 26678 88561 44323 69704 1561 44732 13740 29538 86205 12616 51648
58824 79948 35278 56199 85845 6246 62179 29962 23133 84726 73936 64046 24254 97642 20220 64586 14461 76946 48490 18723 3623 37051 63045 89679 54963 24128 19770 852 26685 48737 52499 85508 28685 4129 41706 30881 10374 20237 60842 49858 4962 34777 30256 29215 32418 50475 93801 63231 27420 58642 98305 47395 95692 77701 53425 67006 1828 89546 67858 44864 38283 36708 30372 83319 57188 88429 14199 83914 8665 91392 33771 13627 42520 64026 42841 91290 14501 52993 54520 58272 27987 52824 22018 40030 30524 75442 7036 48703 64988 74893 9919 19622 27952 40290
2940 85140 45070 33490 69053 53735 24881 2823 83713 83752 83201 42905 75041 97701 12250 45912 72324 40236 15087 94342 80265 61962 69783 87300 27017 51122 78544 36935 70743 6496 93576 73682 7987 38645 7171 77039 8731 48403 96213 92443 48507 79413 51700 23547 93465 80301 85811 65789 20536 897 60130 17152 79211 46264 20804 6227 13738 99347 59513 84480 22194 53088 74514 46532 91732 98036 23570 16815 62791 19783 25609 11297 15547 77308 51195 9012 57608 53357 74800 94495 70606 51281 11647 49816 13896 32450 72394 27633 48148 31906 28465 86694 84993 19330
49577 93076 33717 73147 9890 96507 9281 51851 24155 41179 29158 75350 50190 3118 45058 41341 13964 15663 8973 25610 65478 22869 74411 54223 66853 38911 86128 11669 41956 87472 30998 91532 80548 64715 81030 6789 77573 90310 58639 1728 31489 4149 93429 98030 23618 38486 39371 37581 54149 64695 79543 35978 87563 53953 90201 70768 9215 92680 82436 51170 80152 29786 59054 77051 10852 40083 191 88424 30393 75182 90151 78233 79330 99931 92614 19299 54769 48336 56879 8917 13031 52773 61246 16945 23078 67798 87712 32292 76830 86500 99814 73333 32637 58867
50383 43488 98949 66925 31911 45693 42106 38414 23925 37787 54696 32891 57085 9464 81226 30316 34732 94256 83088 12330 11201 6165 80127 15264 38457 73308 18115 38270 46640 50751 97136 97022 94238 12436 63947 42501 58129 22404 97266 98405 60191 51961 31295 17275 61425 12521 47590 12508 23128 30678 24837 34328 53194 21316 65944 91650 94623 84058 46271 41263 51161 59758 54636 61750 72194 34934 4250 30322 57338 17867 45078 17528 86180 76373 34802 63956 5245 98744 76463 28372 45773 1300 79052 98966 22615 44995 6968 17237 45404 53238 74851 96564 12996 29487
58314 1541 64420 78915 48214 38109 13134 93291 55636 99313 69663 6790 63268 74907 5533 39730 19631 67657 57381 98682 66622 96347 43676 73589 29936 5431 43179 4786 18347 72526 50624 93012 74066 15044 71926 22279 53152 1411 15569 25140 723 1584 31929 63990 92842 53813 20072 12472 21469 77452 11153 4442 90151 71180 94383 20086 92963 37561 24871 11309 10086 75495 4320 84151 6890 92597 22781 76393 94008 54701 17884 94730 56284 49812 75072 65478 19976 11495 77949 57796 88946 5454 62238 79096 92985 56620 15533 85947 10532 40404 97255 20617 32250 17926
4767 55491 10523 43899 48235 20882 98599 66119 31963 71235 32282 7034 36712 52258 18528 31012 26405 23826 36465 88642 19273 29450 61613 51158 15396 72144 91561 29003 92760 40162 46928 13878 95652 73802 74128 43886 11035 72727 10004 42998 60313 58638 66383 97024 10895 1263 44387 37299 25088 80852 42293 60712 26653 20257 11869 58400 92401 19781 87402 1512 59942 50682 31742 71945 40835 5869 32183 51870 94947 58538 94867 71611 17175 61249 84986 44421 78863 29373 81720 3950 26576 40364 81014 53228 60620 9234 27979 69372 29015 15381 87236 5308 82414 18977
93605 39600 41197 25787 91469 52496 676 2687 24106 17851 80288 9092 62271 59150 54816 60342 79452 81391 705 76817 50970 77677 86050 78948 63400 31416 10680 50635 53076 93093 85963 46680 49045 43512 88818 40513 96007 89493 59552 36464 23695 39839 45555 85966 15340 370 62659 94791 98112 79716 71607 49081 57392 74009 28029 37143 21776 38708 87778 74851 48153 73740 37882 97197 17251 43051 54061 29609 32544 29964 66073 72590 69802 27979 74907 1494 44701 37566 12636 42812 17281 595 8245 91024 74603 36273 28166 96378 91332 32295 87581 55836 22387 25462
69384 39637 84865 23445 85598 17408 53408 51670 6349 39562 96000 81256 57407 40700 18821 70042 99864 52453 70636 8108 43476 61590 44380 87993 74320 52063 20288 61900 7899 42674 3713 93634 98662 88577 33430 84259 22336 3190 52280 28685 42751 48280 9940 16509 88979 45112 86550 88842 97564 57186 96949 57391 35127 57680 45383 9446 26095 82022 71345 50345 41047 91410 43978 39709 79986 77408 40319 2322 80597 92599 47358 39699 57230 57297 56207 62560 18760 59108 67754 16323 16293 81054 90065 51420 55086 35447 77217 81180 33821 48562 31524 74867 39971 91853
30927 36308 85612 87598 38629 66208 96548 2338 22258 53777 75986 94816 16336 94745 53924 84089 27419 86568 81495 17483 54339 36580 69282 31556 17759 3102 96469 65634 94320 52791 57486 41599 89098 59450 29196 44079 42009 25743 46416 64267 95871 22402 59082 12206 17146 29357 12647 60917 15925 94141 78399 70263 30720 47680 18170 64830 67133 14638 30463 61453 67428 4300 19403 56526 63749 48598 604 5758 74340 63371 86376 70210 85772 61809 98767 19270 91166 27765 96538 23442 38257 74936 10056 85328 38968 28226 50157 6100 42863 96971 83904 26643 1271 3306
83168 81371 51903 123 87128 42594 79845 89855 29155 81969 51664 27922 17590 59181 72038 14127 82622 10295 89062 92677 95622 28029 37254 45779 50481 80117 42749 34384 23111 60371 54042 22630 41742 22296 39104 45221 64890 18948 51428 94044 916 3091 38317 34857 62271 26707 48983 61244 37001 54397 70272 48974 98777 7526 94752 49257 3994 53853 99993 27104 30575 54034 49733 88668 76329 88836 50241 57570 24135 1668 67966 25051 21110 22634 76259 99732 49340 25242 60975 2692 79638 31246 51666 78414 55123 62769 44023 59116 32973 44015 86219 63548 14400 52303
