97 32
48066 59661 91254 58595 13962 37134 16062 90262 77362 12141 17301 21473 57388 71360 17421 82935 92184 46296 78635 79838 65866 98939 68654 17764 75438 24524 46640 17004 2103 75236 48287 50169 51248 39540 25115 65210 93025 41176 71823 70387 69668 5475 8211 43407 76835 41983 26342 69018 88279 21328 48855 70496 36619 33860 88259 28408 74736 34899 45411 76838 26486 93697 43358 77734 49589 68472 42943 42613 25999 31117 29351 12019 36591 37561 55425 29777 95896 98118 98794 84174 35798 64001 54669 72416 14212 59279 823 88947 10529 46234 82137 37015 56282 25494 14748 22222 93966
57690 81187 36316 5158 10537 48334 41748 64450 3759 87877 60345 18228 86670 60870 70377 67022 31890 42792 97586 91168 59967 2884 1697 22552 85020 38711 78833 10514 53458 1055 20831 27499 98593 57146 32656 9129 5480 90755 89930 25590 78631 66626 60169 81653 27495 30546 65026 59384 73337 62611 50552 49655 65495 68600 72206 66866 7310 51039 77379 77119 68445 14561 4617 67037 71707 53624 92517 93538 60730 98799 35479 55713 65424 95647 37365 9271 26192 18742 68654 15881 97705 35557 65535 79551 20508 37741 46416 27817 5131 40147 21287 89927 54707 42255 73315 42765 95878
65831 52654 72960 80981 88132 28672 46405 131 82388 72027 26322 1129 40680 58554 98833 92589 40441 78383 29448 78181 24799 57265 99663 81297 94903 89589 52355 37158 79255 95120 33035 61437 64125 22346 42418 52257 51017 5174 52387 33404 77200 95060 50885 34231 53614 49717 26819 10406 44452 56267 88586 85602 29883 4600 66898 24785 10540 19252 78294 89794 30723 27681 51230 94848 50026 93647 63456 17395 98820 15842 50798 76019 27253 18034 10250 80866 84103 53420 91271 28554 26038 96208 30507 72272 17159 97404 13409 27698 33007 91702 33843 63730 19382 85073 74929 85760 95071
38384 3154 10243 70577 70303 2613 97829 88337 29214 95047 72439 82634 2669 17344 25023 98877 47850 13647 32387 61605 43407 60085 94611 35108 10279 74692 70842 95351 49620 72953 6774 4355 76106 17016 74931 62760 19628 72760 51096 48842 67806 39886 47827 70474 57229 89201 85702 21430 2847 18089 83034 46253 94525 77645 97713 21155 68688 84906 16506 34660 74210 39631 39014 50315 56646 13945 13074 92625 86704 80522 57818 70861 36759 21996 57686 10340 11197 43388 31769 30395 77828 14803 93000 88704 8799 7064 9858 77486 8321 42715 12145 82530 98697 67511 49196 71694 81455
78621 64319 84510 75494 38488 71722 12253 60484 29407 22592 88032 89146 70712 34778 83325 85514 44129 88380 10664 67544 14590 4502 75864 57304 32998 74745 72353 508 23940 44046 98314 18913 24716 82823 94406 63204 70896 6658 40039 303 45601 44422 5800 16313 79199 89125 18178 23328 77504 45194 7223 92093 49695 83087 65749 99044 57831 38101 99552 98123 98498 14217 17035 23214 13392 11440 86417 84287 34450 26455 941 96402 87228 6741 29066 66426 95865 47244 6105 89720 8789 13328 98165 58483 12766 80265 73878 86948 34717 89781 85070 33214 3998 18456 56427 17389 46248
59195 18027 80697 2001 18968 93450 89228 25708 22516 55654 37924 86111 78110 43995 94899 7789 42159 69733 20554 22423 43610 7502 57139 33391 92571 6705 53740 27379 63131 87480 73626 22326 5506 70674 24326 24473 64123 29906 66532 2990 85559 4455 89100 80020 48450 350 87809 6960 70082 8362 29383 30044 32215 2873 79786 41138 9577 33525 68516 89060 21004 42141 11385 26509 12814 52062 67334 93288 81967 33865 96278 83877 54672 85377 63897 3121 2079 68057 10080 72160 92770 55814 18555 24985 75039 98340 82474 84615 48216 50989 90026 69219 9481 1410 12080 22294 69824
95765 31933 68142 29629 28210 52019 84300 29939 32267 3772 32017 16675 30204 20528 9444 2369 39083 50780 77407 53774 49605 78374 1990 593 68399 87560 26425 86161 99639 65070 72336 95403 97003 40477 41384 25212 8847 42035 55150 57465 62159 3518 74139 8714 24046 99935 11082 79480 67066 4841 33253 16671 83214 51594 33615 67964 39154 60040 70476 55144 41461 42811 66899 38463 99640 8282 80027 8486 66668 51528 82303 28826 55046 72793 37539 95443 89079 64973 74922 56145 69813 24526 89167 69378 76120 22781 37341 15273 99172 7817 70416 56985 50627 37314 95447 50266 61947
91825 75104 28615 43353 57406 73792 14750 46550 27683 10192 35629 92655 85113 91773 78819 9638 80939 48196 2109 20071 85536 17381 35595 9704 4149 92579 76683 41462 4377 43300 19761 96202 18403 64727 55906 92160 38518 70655 38710 82552 80846 74338 75206 82310 82462 54024 8299 79752 2219 10408 16174 4107 27788 51768 13810 31936 60698 6844 89750 81427 50144 9510 93980 68546 74236 49885 77058 29105 36891 15767 11657 34088 6456 3214 16397 88917 57238 41047 68668 75808 51454 1193 96266 95594 69313 26428 43881 46362 33271 33630 27788 83414 59491 38119 68312 50078 4355
45369 95535 41245 77487 7191 75332 83942 10404 8080 72858 83993 49127 57877 76153 580 75421 72418 12525 44733 15197 56406 91095 48468 6387 18882 48233 82230 73353 16544 32307 77707 78264 27841 18952 55750 51383 10635 39691 78139 18715 28900 78483 67841 3128 54635 68420 78549 43405 80945 23281 58601 53702 30727 23420 60088 49609 71653 42317 22961 4548 90976 17019 82812 35168 35970 38561 2903 46605 94604 81041 65319 23503 59523 33159 26631 30510 17930 21531 73914 15226 44811 48866 85279 75538 72286 45367 41498 60290 4035 80810 81189 11362 97828 64000 46530 50150 18913
65784 96754 13516 46824 78424 53370 22698 27934 80000 53207 62215 1530 43472 93793 62693 92338 79071 54582 80975 40789 96079 57616 44824 93240 38804 72537 7419 19156 35418 57568 54420 1201 54321 84287 48024 49096 37656 87074 77029 17656 40280 39244 35537 104 49388 14581 8793 28458 69162 6119 69247 81592 63734 30422 74831 18889 19310 82250 54396 54728 39817 8815 55928 10490 9453 3952 59585 47109 7377 52966 81116 64008 8561 33004 64111 57948 47585 89255 86405 16746 95373 72003 98338 59106 18776 73168 94347 38086 71769 48742 92813 27938 73909 48740 38427 83361 69043
14363 46821 76419 67328 27936 56779 75888 60940 20889 50187 8524 10144 52944 41621 21868 24946 39958 80974 43722 29478 91672 98159 17598 56765 90971 45535 47025 56062 83961 46738 41457 14676 93558 34227 82003 37846 91005 74243 98785 11894 40781 23660 38389 93724 65280 60256 18670 21590 57581 78743 67419 65604 93253 85016 22369 84223 30551 69393 56636 30863 16130 98092 45538 26040 32319 43893 63885 23323 34487 79021 51568 75267 2680 6308 68991 84311 82916 4012 22252 56848 99106 6022 22452 92358 91038 44820 92932 37940 30564 49567 85154 63046 64011 47044 5437 96329 90936
69321 36003 41774 48341 3923 33392 67372 10230 2382 68034 9497 22745 6638 66345 21850 12659 88796 14207 3696 49967 7138 57987 96882 73057 59493 59927 37067 6536 65363 49747 13823 51035 85749 55596 15727 89671 88987 83098 16253 7721 67484 42101 46817 74121 8445 68667 86779 13592 99225 6827 79910 22715 81165 76792 95771 40657 53070 49189 47192 18433 98935 61014 85819 1035 32961 1546 7058 38300 995 23310 62372 84830 81762 9188 58950 90207 94206 62081 20150 9783 85259 60 32497 66423 76851 44619 7080 29920 10159 70623 64704 9093 47989 50523 10127 97301 68420
17184 35600 85766 56845 14323 70596 54959 39863 45897 45165 34068 7977 65314 43850 9587 81725 92698 76010 58575 53668 99441 4847 63826 86415 69550 72918 34403 36424 99397 31704 21195 32932 83655 6961 6129 97978 77556 61087 37840 23452 22603 88259 47781 4268 48461 57367 85993 41158 49728 60919 11178 65520 65765 75003 51935 35315 64273 2689 88090 80021 34392 9285 29304 34399 16245 35432 48728 10152 12870 86567 49955 35472 91177 97735 56092 39637 71454 58436 97147 37533 19354 8324 3053 85119 99678 54987 36785 80302 57675 24874 60322 8419 50510 89626 42817 66754 41409
7896 93257 54279 94462 43212 6102 1990 57298 78545 57979 45103 36980 55125 82636 56334 79800 85688 57804 95829 57026 94588 76131 31052 35813 52804 39470 2675 42429 98638 69428 190 6533 79037 70820 17346 22248 93273 19336 95897 71818 93666 41000 25149 65142 23635 81482 44941 25674 55637 57121 82699 66576 49603 13750 2389 2407 69572 21415 61187 68209 90842 61376 91094 86230 32195 8439 8477 25468 44126 20726 13637 37791 61725 38785 2932 1711 36619 64224 43736 8607 21345 42786 75183 87299 72887 93923 89705 42458 15337 50892 27019 22530 12267 18112 8760 60814 42902
33588 2633 3380 54313 16269 41170 32389 71405 60454 34099 24375 24677 94186 32982 62373 36971 8164 49672 9858 2086 55728 52315 17422 6619 95685 56303 35238 13796 65062 96051 73050 98650 98683 76429 69314 31303 33950 1703 19059 94403 52153 43434 35432 46339 76415 14156 83309 84578 80179 93166 3015 35907 61833 36788 58877 57517 93090 94114 87665 58152 90164 60714 73153 5198 37142 58818 52852 87443 76872 71911 81846 29025 15344 33629 91715 91758 47784 91375 92687 27963 893 95701 80221 79077 32488 39097 36593 41929 49563 40609 16432 56078 1322 89584 61276 54815 64754
30479 42258 41625 2389 40455 87001 17732 74083 78715 25841 38218 86442 18527 82532 87334 30579 62752 82762 79418 18201 19354 21347 67763 59963 37778 23840 77636 43714 1467 48803 8467 31946 7412 66443 34334 47866 53444 68418 38300 48510 10610 76517 34951 45489 59049 38636 76067 21800 21397 71837 56352 57103 9535 24114 33417 63664 64306 11052 7377 82124 76206 32195 14069 83617 98638 64755 47834 68433 49524 86133 16942 60133 62650 68245 5621 21698 6880 98040 59849 44629 69876 32553 1731 79410 73018 35147 43073 37323 62550 66802 35799 38756 15348 49867 38724 30337 30973
86558 98769 80496 72690 15711 40629 35339 83955 62601 73388 7186 60640 49589 51814 30515 82141 69896 26276 71510 21394 85701 8833 83944 52502 60983 39051 84201 10849 77774 14538 58174 64331 13306 38669 37021 45368 95649 88711 45674 58250 78451 52860 35241 44391 21025 82108 42883 7273 8383 14392 28666 94083 39576 28961 62936 558 84363 47137 27759 62137 61674 85932 42819 91331 40952 96191 36699 36601 1254 82372 11202 79704 51583 46442 24094 72608 28549 66976 96232 53284 97719 41249 63718 37295 70210 26654 37852 54572 90142 65610 33060 68167 51541 75879 59497 92493 88421
96195 45445 89674 78567 72998 69377 46501 35791 9822 35460 80692 93149 31691 33975 90868 72940 97692 44514 59501 40697 82365 14072 47190 64327 63484 15356 15867 55714 74853 24711 44134 87399 86507 50160 82317 59504 35888 28818 95295 45710 64277 75986 55210 12320 26312 62429 85259 40355 6942 44759 97404 89307 75182 44593 53633 55017 59949 85851 10730 51153 26914 71216 38551 13420 21375 37220 72924 57262 66037 84570 19323 46665 76907 74533 58984 3218 36961 44242 59924 60255 5352 57327 49561 80534 18272 19545 51902 78220 21747 62632 45724 48660 33847 626 62080 71573 37845
51355 28834 20233 52276 48157 66898 29182 39041 25881 48751 92353 70123 25026 52607 91826 82353 18519 88711 624 54415 40613 95195 76162 3244 57270 24821 53442 57895 3252 41366 12092 70958 70199 32324 39585 34707 99221 85118 90099 25102 33868 82452 11576 58894 51410 3401 57598 69929 92112 74573 40695 49076 86119 16856 52319 43388 58029 22112 17634 61280 79829 29725 48590 66379 62049 88174 1086 61269 73292 7536 2722 23511 6339 14297 98756 57749 34050 56353 44029 42513 47277 84723 91588 33395 1579 60258 76782 75959 98721 94416 37238 78549 40492 2179 44927 2540 90353
62364 80161 79996 69900 82882 3506 76238 13531 2262 33986 47580 74966 94366 90092 38595 95441 98031 71989 97019 58288 65123 89329 57008 75890 26566 51908 16381 45097 96834 35273 35449 59198 15433 31796 45449 98314 35301 21686 11844 53914 72024 75775 28880 82741 82218 67474 78181 80248 55814 91551 38535 20936 80879 11894 13177 23797 80153 29558 68893 76987 64830 20693 52536 96614 52488 97984 94927 87788 36021 23123 41702 24396 98897 86933 7137 81115 70758 85317 61362 26571 76868 16249 63859 57746 44494 77035 81542 24647 22944 50434 17985 4125 87478 86872 738 39965 84855
95665 44105 37227 18787 2158 61623 34035 89090 68759 15149 76199 54075 92863 2769 30942 9111 66627 5040 69956 60014 86581 10954 82957 53367 28938 87082 40844 15809 4171 97161 17015 99835 41265 54242 34973 43422 15864 69008 48863 974 508 25061 55048 93370 27829 2342 18832 10808 7381 88788 87173 10313 99741 86481 63679 45031 73562 20875 60839 77733 18035 94206 93919 59299 48447 45244 19072 80662 30603 67934 81635 31110 92994 53034 24480 37174 55375 59663 47981 79107 48450 51505 89420 64543 37986 53098 9573 27899 73972 86763 21983 8358 97320 15902 67656 45766 77497
86727 42779 8099 54660 40765 39208 64005 93799 80039 1179 65525 39702 65511 44632 4503 17016 34051 85397 55001 3500 11321 82899 93824 14436 4882 2181 11755 37135 69837 73873 14631 72915 33003 22729 43927 73768 61936 7931 83918 58327 9109 49442 14380 90972 10425 35234 7987 44475 20631 62987 47975 48303 62237 58150 62738 67118 60330 90845 20604 30166 64717 35234 19433 97719 57962 63359 71486 36250 71289 55403 10928 96750 21197 25307 87721 31621 76892 95707 92448 97522 75045 56774 62177 53633 14923 24914 37103 75252 15758 57706 5418 96826 92940 41202 94545 67253 4560
82382 19854 75848 54137 30781 88949 91685 72439 76669 23305 49331 88727 15752 63204 80123 72525 25380 33756 87447 66646 70858 62699 98755 44915 84468 95581 54206 25669 6477 21459 46580 88858 57664 22427 59346 4797 27728 51030 77235 4396 74335 42917 9475 6438 6121 89597 95315 47852 39704 99113 30849 26913 78163 29604 71828 62630 41536 26033 4650 48012 63843 51229 53221 21507 90008 12567 26303 34087 63596 19889 38482 54282 62806 64308 77072 85278 53905 72386 33129 9960 71498 63978 36873 49661 9933 8700 28642 51468 34732 49644 99479 98575 17224 69051 36433 23583 81617
62735 57669 61565 82623 12503 32198 61780 76810 25621 47057 47066 98006 96538 57026 85856 60515 10250 51868 86799 18949 96861 38266 70032 62856 54096 84958 96432 23146 21390 20014 21115 476 94035 99031 99451 6537 31228 61230 99698 56849 8287 63116 71206 4824 36493 73413 81690 46742 41632 68488 82042 38493 23105 52073 1348 93552 53383 14131 16697 91124 34145 54163 91600 44531 53193 7402 67419 773 68631 67116 73973 76917 46583 61530 98092 83075 34943 79781 29816 76574 64620 28209 31418 4076 96634 49118 97627 50016 63248 14324 41139 13744 84838 49090 58274 38031 72843
25692 55155 41474 9160 29127 34742 55742 90656 32834 55169 41950 28966 1336 34876 9938 29545 66293 14013 26178 15410 11640 76193 95010 42315 33683 8753 27152 99125 67027 81534 71967 9070 36688 29792 18229 82166 64534 90323 89174 13719 45491 31123 59036 46826 65998 85325 92722 48643 99338 18899 64052 10977 11443 75413 69643 61478 84166 96794 76954 67544 94680 48920 76613 31367 95064 11194 13533 75949 17868 2706 89667 63358 50180 65054 26535 32530 50379 35609 81172 66068 54507 61575 77044 82302 36988 63038 43779 37505 59831 20732 5048 54510 86003 98012 2229 81066 25557
32113 57014 43424 51170 63032 23133 1349 44438 66020 33878 94816 1628 15049 77235 56134 92976 54278 38435 29963 33667 98565 67467 93497 19296 88866 64359 5299 86877 82939 2716 28786 15051 76082 72209 82572 39113 95342 83920 99902 77713 34150 11069 79340 65550 88303 51825 58525 58932 6612 4839 92598 5176 88657 2447 24472 77522 66805 46122 80751 66095 48837 9536 97497 24918 98096 80068 80383 93437 80339 80284 71149 30840 7705 66840 96390 96007 18665 71266 54939 25276 92457 47536 30451 81113 49982 71274 74987 33138 17395 55737 15584 82584 65272 13080 23853 63367 93147
4235 73156 73486 871 60656 20677 8575 27496 33418 20933 62512 4684 75871 87787 13492 39759 34589 94604 6092 5863 69590 39230 23257 41678 71165 22192 23301 84245 46045 3020 77391 66631 92527 67228 83853 53182 87905 8779 97029 21322 29712 59540 42357 21934 63678 55848 61692 98267 66804 67784 4129 52745 23365 43737 94423 94529 82281 34075 78773 28325 37094 72516 11307 29620 56095 95160 99154 60351 20290 96182 81673 50001 72074 40381 71935 52103 12581 49978 50369 95736 17761 70849 64832 57477 14586 75606 52006 13218 9681 47130 41542 46774 35997 69200 92746 92092 80711
91899 52442 1001 4432 50466 51001 76505 7199 39287 28608 36131 89265 95328 31866 23377 66177 96697 80854 97114 72303 49211 10331 98335 96340 68224 61460 48689 37423 54205 40780 18134 46103 9573 19134 66887 76391 86486 43391 99941 25773 88350 36071 15037 30 67936 38413 66206 80984 35618 79671 69638 84828 90001 67972 97520 58224 29432 46208 11998 99988 3339 30131 62443 29263 65616 29329 5653 52102 89071 5593 77874 93773 58015 9262 93802 42302 64026 76359 39638 15996 56029 9275 823 62381 93599 98342 20604 39382 60901 48953 39369 64239 79084 18163 93502 61051 47491
15506 13152 36562 37451 7377 30334 11817 32990 24135 54119 13368 16845 93756 29363 72873 19382 30185 35253 12980 44879 72208 68713 5779 21160 24434 86370 16595 42596 96223 77646 90087 11728 7149 26648 65530 30878 73333 77347 63867 13819 47817 93586 30663 41572 22948 19887 60953 69485 55139 90285 14363 43698 58997 36493 81209 83430 22862 14156 26026 35436 8153 16112 63516 15301 59111 29045 62530 48795 22743 42749 62613 70559 36334 9627 12130 75634 29513 89435 45118 1003 79719 75832 61052 38715 12324 42260 38497 51538 56415 64522 3325 64567 96985 66840 96220 72447 12237
58749 21241 34979 17849 205 21890 54183 9831 50371 29816 55695 39805 91285 73049 35875 67116 34100 74590 95791 92711 13086 63680 65478 93959 67005 46396 90943 33844 42615 79741 46080 17716 981 97411 35564 17537 19300 6098 27367 86022 35913 99413 25827 27197 72461 61701 10664 22912 52642 6455 31974 82079 70134 97451 92389 37138 43847 99683 70982 2813 79423 33413 20528 96755 30823 72444 14291 66474 78541 58009 52496 30806 57421 94674 74354 46233 72726 85018 85496 25368 91472 17470 23798 61605 14920 16187 15095 58766 15869 2428 61579 11644 35840 98458 8398 83015 70901
22689 65840 65794 80697 34687 96599 54470 29360 70952 702 2086 72321 2550 43805 63792 20019 83954 41749 34938 16492 73195 10056 48713 75622 87986 60356 27813 86443 85105 27179 73696 7793 9371 55841 4842 44057 52439 75663 89769 39742 76364 8206 28415 95265 68362 92206 15283 52315 50306 50221 85159 23500 76628 33871 15473 64613 10578 59638 67407 95682 86816 57454 19827 12538 13294 41020 56595 82084 16682 46363 21826 9397 54568 66592 4662 39281 58797 19944 91595 25455 86516 93105 65306 63143 26975 97131 44107 53904 56768 27866 65938 59935 85319 2116 72473 98613 43135
29067 80696 59816 91781 18873 85564 62700 85464 90225 1980 60613 26521 9926 2419 13036 19383 84076 92531 62709 81206 52989 16613 54325 80854 82550 14260 82525 1017 86732 81137 44151 32150 78184 20318 40282 13409 5881 19333 15224 12458 21312 92188 38978 47589 10958 68365 66971 95034 77247 29680 76239 30236 62644 30564 27441 61545 61175 9965 62561 47906 7453 6711 96407 85637 43380 36688 15397 49260 72372 46972 78069 93683 39160 17046 57623 50117 85411 40946 61502 79009 86977 37741 9244 49620 84656 36685 27516 45830 63001 90076 10087 70454 13138 6493 72442 56517 59532
