9 92
51062 32355 34049 99453 9497 78724 51156 14470 74799
86188 66848 53670 76298 27149 89394 6290 93777 779
7302 89995 86112 13046 14410 9379 55995 14465 1699
90875 65998 6607 68418 33412 55313 2466 32864 81162
97542 84019 11983 72340 86558 78831 26009 62856 5979
31754 85497 16107 32533 9150 6101 18644 22195 20511
44375 78190 51327 62425 69064 33677 85384 53833 67088
40696 56299 16303 38209 70192 16674 50192 42531 3231
45374 84891 82438 67704 32997 84287 83810 65529 93436
89910 524 31983 26772 61250 10172 94451 23675 95587
44479 9058 49419 11566 66105 22069 44220 4314 92260
60893 54505 51142 80476 99878 52385 79265 67581 85381
63551 67742 67261 73339 57651 84136 5321 775 45386
31844 11577 69060 27430 56055 78117 93200 83972 44221
15269 28191 64886 23880 5436 19390 91374 2263 35619
43758 81527 19551 45490 61430 87292 12750 34768 61295
13237 56440 62069 58622 88283 89997 44033 15712 46051
38501 8911 30022 99074 40531 74564 63959 64411 96351
99701 55784 98613 35319 15893 96492 71222 61382 57921
58513 90483 9040 19807 3719 65479 98227 78693 70113
88223 39077 2176 50625 77578 27438 96998 76651 67969
71562 56961 32379 67912 56661 4514 82877 8332 20406
79368 79553 98139 53640 54417 88621 62679 90576 8691
44509 88802 87383 14621 93377 26460 33148 60353 20389
60585 57351 13391 28553 45264 70351 77283 29527 43364
81796 12403 68047 18553 91770 63951 16691 61761 18367
21663 24439 8942 30354 85299 14096 34088 16271 23824
76899 49418 84176 97287 10003 57878 27029 54907 19493
97380 32190 49020 57095 30337 77774 25141 48890 85896
89091 81932 47656 23809 3595 88447 49103 50300 73745
63198 739 90016 3373 77638 55785 3900 91276 82139
61778 18305 37046 81270 32036 69235 46641 89130 99571
24415 30622 64812 10310 19712 63096 74317 59872 83042
62763 8974 33341 36508 88523 50431 42875 91895 28068
98659 95795 35696 80798 73924 54000 34195 71545 2387
3429 18186 91516 19351 58952 22137 515 85613 58200
63610 59929 34423 46651 22692 43397 96343 75551 31919
46773 34777 40166 91193 33435 35960 26888 30584 9883
97239 81130 97779 99625 84558 15964 7492 20261 91267
29628 20775 76879 4179 736 53160 38601 47386 92203
98349 60080 84105 46620 23204 18881 86785 14396 68667
22744 57635 15603 48978 54873 96732 46756 54497 81290
79072 61988 17902 70338 7967 38676 63569 28497 39411
33080 83450 3148 25282 81798 79579 25738 28417 2782
44618 15201 17178 13284 54296 74812 28886 3273 46037
25618 66381 16885 23259 45452 78873 41160 32141 3191
79835 12061 31688 35597 45140 31489 55096 86773 13286
34674 12510 58055 53807 57127 73255 87336 86763 43903
78500 15648 63527 24536 41265 29907 41420 64523 91710
36644 22034 23851 56187 18220 52263 87874 53816 97403
19362 25263 527 48999 76288 29389 7053 30095 2867
96660 17430 89629 40562 95929 5277 4088 36816 62893
50347 94588 43768 42056 31231 65801 82258 87417 84021
34521 91642 54188 48275 27355 79451 65153 92706 55738
94541 16110 85832 97408 12769 19614 3388 69682 31894
25016 90122 85062 87909 56820 79649 31676 98875 27231
97476 97485 31000 97848 32005 22641 52036 96631 66348
31486 61783 59053 87223 72676 91514 89407 86435 4283
25372 89822 90316 57265 14838 96789 42326 19098 53608
38326 50773 68835 65557 64600 82671 96556 62448 14675
35548 14483 27657 1895 62320 5791 77299 49542 78466
68813 55300 81252 89447 80671 71074 96114 54288 2263
92903 12965 21360 62862 51291 88484 48048 33199 53083
30718 29754 31882 61744 65301 62716 89400 83548 25035
11543 60846 90929 90008 46010 46228 71260 35456 43251
58685 47922 13890 77299 57176 26854 15010 20037 94496
3493 84437 27694 72927 15154 57447 21161 76898 39100
83876 82649 22647 8911 94191 99844 99839 551 62206
62418 88162 14013 5668 63198 61934 19557 56848 19109
62763 71857 55498 57258 91701 39934 84952 80979 55087
58750 2139 48336 97849 86015 47337 36847 11277 57879
36691 11115 74781 98896 73532 62942 12908 95552 42491
91194 31460 99338 10302 10574 87546 65799 67832 79246
22084 69135 76577 77171 27884 78715 41858 25733 81081
5546 62579 92357 63425 15621 19823 54557 30868 9707
33851 43776 21610 76341 51321 53069 92031 77974 63643
79576 43773 47826 75174 65856 16960 68102 59378 44843
46816 17588 86927 44249 23133 49506 52957 2909 65126
72780 57466 95994 98838 91316 56121 20447 84008 23793
89867 76038 1766 69861 71966 61890 17686 63491 44098
50997 31592 3475 95840 94759 37414 82766 39007 76899
48623 91964 79807 30101 81095 53624 42446 79932 61291
14918 16730 45299 38710 6596 37688 56827 76457 9653
18717 94142 89495 62814 45139 21086 82640 57330 15845
20054 56447 71203 13304 21422 79518 93110 51522 60612
63086 10319 56895 24376 25236 73624 86026 80297 80220
23714 37123 73028 49718 55839 83521 39213 18652 28659
76650 17644 2340 92494 37697 58787 80049 51000 80208
59566 60461 48081 20178 39898 58399 93424 80626 99986
83400 66651 96634 79971 6716 33756 52998 56434 5947
36518 11998 40950 81529 88647 58593 83868 97493 12641
59006 77541 63640 55565 37106 40453 19997 73635 80350
