91 80
93514 26399 3605 55142 71804 51571 86269 9856 73139 57284 56995 1148 56434 9554 95217 59501 21692 83953 4238 22518 4172 5347 86717 31719 56848 49841 12655 9837 52057 33445 80617 61922 59843 573 33415 47998 68495 19683 74205 57986 76967 47551 59133 33400 57105 70701 9253 95148 71005 29842 17666 91528 51541 20734 23246 8388 70574 35900 18224 38983 85696 15192 904 61890 32117 34319 26239 611 54001 16795 58596 47319 64345 34080 97071 37801 21132 22675 32949 92136 52516 66966 83663 4056 87699 23260 28795 74624 59159 63371 13606
61206 94914 30862 39447 27030 65180 82037 27641 35532 98831 2588 99203 79528 53020 12625 17328 74151 35299 50276 66287 4166 33593 66301 24574 37643 89561 69720 12267 65071 33090 42224 42629 44356 73085 82075 71385 54616 80464 15377 6500 95646 34317 5702 75173 87336 34678 8853 61486 86328 75480 44124 90493 9073 10425 31418 46715 99985 1138 75333 81407 34227 17557 24035 78582 6993 22462 66319 61609 2925 98047 84460 98570 32363 6513 90095 19698 41190 98947 81184 27517 74426 25307 34361 99850 52083 65779 46565 68419 66916 38249 49826
17494 55805 73860 12428 79150 12673 95098 57110 15597 93144 41569 30519 25507 48081 20613 45204 89270 35911 26387 33138 26688 68046 67498 26538 36480 49628 89454 4899 16543 27702 54724 50389 83507 44935 62816 79008 73960 57913 36117 5908 51056 77685 36426 92914 25765 73390 38118 31386 9300 80856 64523 35988 65253 48372 78877 1733 98000 68330 6631 30894 96031 77706 81282 95889 38992 60449 74896 12951 34713 11012 18859 2121 88696 71636 95034 30812 45026 33151 78549 70677 14007 43071 23016 79259 7795 1892 80991 22146 86573 3973 53039
82604 81678 34321 94844 37022 94769 69740 49972 45834 97103 85182 47954 2151 56818 42987 32962 18195 76138 11511 5223 6496 70933 44591 85754 95079 46482 83097 17224 49407 3421 70263 32010 1451 20935 43205 38472 32055 12944 4795 77888 10047 89977 25841 28549 63146 68828 61510 97692 61317 89372 2914 67812 76657 47504 53565 71735 10338 53013 88959 59744 56434 75573 8105 57884 96507 51309 12707 28561 80605 17501 22801 7003 23829 48641 35551 86974 33820 13412 84665 95136 2784 3931 62947 79440 51434 32864 67526 78123 85876 72836 37866
58661 48408 62322 16544 44914 29983 45602 89827 10587 63103 12627 17589 86931 77619 69491 90257 11439 82902 91273 6574 2037 95203 69521 81476 62989 2384 65354 57463 4611 38189 95329 63272 86597 74002 96167 47862 3984 41769 54040 30922 4871 66666 48510 8153 60637 34352 98409 72075 17254 6034 78648 19290 1236 64520 17118 80576 66903 82471 38039 71514 20659 49719 51137 23607 40072 47303 71469 44056 89071 25508 74977 10293 8526 39839 18446 69162 74190 33206 41236 7795 39239 36235 43437 56827 755 76906 37402 84009 59376 91792 55522
96386 57862 23010 36345 97934 70313 7813 41989 59383 49672 33317 69676 58197 73155 4473 43710 63697 37678 1297 87843 76917 37532 31279 33743 54638 24536 87496 38646 83911 95640 10520 96649 53501 33529 32993 51434 3841 57157 93422 79576 23180 43091 65603 97729 32597 70075 41438 96293 24104 42735 488 1020 96618 48118 51114 51255 72654 38610 89900 72916 50601 419 69564 4101 50300 18908 55535 70492 92416 65308 50067 15596 8398 32021 13324 40995 2095 71113 53639 26199 13847 54126 43570 26816 2244 94684 78070 74897 49645 67970 47812
245 84740 33728 20697 51391 68987 76231 21883 77755 41539 71949 93350 66288 3970 23025 23634 22416 94137 77273 64966 24336 47750 8536 51151 66345 19571 45573 57593 85567 13542 21757 2163 14633 55484 22859 66024 40822 15442 87906 18576 73332 76206 28277 39619 96527 67653 63253 18943 78142 56877 83908 2477 20978 8795 69979 87323 44717 15551 44915 46635 45444 83023 48797 76429 54858 88008 58804 95680 3449 63061 30607 76780 39266 58884 16398 35793 26536 96002 54735 4677 69230 54994 23505 90208 80141 9836 93882 24857 41738 55148 71492
3534 38171 36640 79962 93028 24647 38765 88707 44447 18177 19314 21226 57442 94549 53976 93234 21084 66329 64320 42113 35559 35666 81969 42118 32158 91804 35999 73366 33542 91146 44857 53427 29316 97849 33388 22344 38847 88504 27402 83294 6680 63067 4519 80473 57615 74846 90059 95051 41175 54378 37163 93085 6395 35483 35202 38552 27287 87552 11918 77180 95049 73126 30606 24365 87326 80345 63060 26173 85200 6813 9466 91879 69880 30336 88703 27494 21534 78761 38896 79060 49491 92410 72144 55885 27893 23697 10789 71531 11248 39058 48710
22648 28535 95667 47012 15861 76011 26423 42033 77562 33236 67850 69440 19467 14537 74494 63312 52422 53255 2208 31481 2745 94617 19976 58629 22509 43672 85769 10391 71271 24826 59100 93919 69713 71118 57282 85573 63480 83705 43957 41041 33292 28158 26832 52758 59046 1326 16069 11468 54580 34628 42948 57324 29245 62924 32304 68105 22947 34425 78496 94218 75602 53947 4488 45314 41417 61769 47238 4896 61825 91194 45937 11468 35703 89120 64225 94749 90445 96646 22568 61376 47625 81867 35051 76869 61142 83707 61326 84089 18131 56173 94658
93732 26471 99145 55398 67887 77265 2635 72783 39090 10181 35071 66909 45883 24190 47486 40631 30987 44131 79550 92362 91755 61417 27413 84976 22558 11119 62653 22998 45601 18825 17655 39332 45295 33151 11081 29534 10416 13716 2316 65857 23896 53738 32765 86130 77927 96602 43113 25265 40732 22662 17627 48839 84078 61391 50166 22988 72509 29170 45985 34461 47994 63640 90144 9640 13142 1225 39173 23557 31292 57840 5765 71539 11577 54882 57668 5856 51483 780 31120 8567 39794 65098 73757 40223 26488 40274 63210 15348 69443 9195 49808
33788 72834 39952 59779 85975 57528 98952 25884 88819 73143 48000 60357 1072 19233 34376 6927 87068 35156 54398 95634 91301 35848 85742 31523 78687 42367 94733 94035 11809 3927 60194 61948 93112 16497 21726 95438 74024 37029 37673 79194 10172 2025 39550 11243 21257 73926 34521 8324 25433 5270 20309 16733 41117 22402 64607 19804 64768 59339 30190 92928 79617 6735 54875 89080 23232 76601 84518 13607 29981 38542 92801 40152 40566 48702 67746 78175 38979 18618 2850 64411 23888 23159 97495 81356 61912 78454 17511 26680 37792 47700 35959
33761 70787 90834 22840 94018 83786 23709 23976 13766 62251 33128 70270 19168 81830 38015 97342 20808 56633 192 1571 96872 39702 15417 94579 17965 93870 12090 44644 48014 76141 96955 81774 46927 87788 4613 57296 87925 28322 81272 1690 6924 14399 71959 26091 12580 26326 39785 49740 99310 39976 51310 12533 96029 83078 7111 13993 76948 19200 74989 24961 95341 71943 23086 42267 76082 27698 15915 64006 72371 97186 65695 95646 27936 54006 21737 56868 96683 77873 6607 95992 17848 74268 8524 30228 57345 15634 44220 34292 51186 35560 75604
62878 7502 98689 21496 83583 42739 37410 47588 31461 50947 29635 27107 95235 99992 65195 52102 96674 43067 75060 9017 77266 49327 33892 7493 23023 65877 68064 73667 17062 3624 49270 79939 11125 64311 1435 11060 7049 38844 74999 54861 6143 20985 98319 1377 20976 63513 69830 34001 22931 44889 59369 196 10567 93260 24040 33589 59137 92104 7255 76198 95727 56525 72489 23203 37187 90275 50614 60587 45470 25613 15447 51612 46597 13766 52988 83925 93630 22817 34277 16561 84057 93646 33108 94623 86905 57148 28212 62393 65603 51818 54943
77681 24694 27431 17235 61880 34057 67849 22466 79526 93461 54265 47490 56409 68030 477 56685 61659 39646 7314 94571 40054 959 27679 34677 4215 84826 79240 66608 50428 31057 21550 44460 72103 65332 61694 33982 99388 29542 72800 95265 39354 27064 42754 12115 11445 59583 85151 73103 15580 92464 67674 55633 9774 95352 6661 30341 96529 2252 13300 63308 49661 34849 7767 21763 16532 85812 72096 32271 15354 44895 43887 71059 88310 86641 83173 99754 62575 68324 72857 94506 77139 56882 50138 86913 68585 73151 33605 65113 75402 46904 44772
25062 98104 68890 63176 14635 54701 35272 63257 70054 96518 7143 41113 84828 10135 40637 84581 89061 25312 73789 83566 2451 30670 50056 5715 15606 23206 39319 97070 14959 86222 41841 56373 84325 10730 35900 15311 81783 71171 94919 68188 67689 18413 25652 68868 28548 66289 53448 33960 91600 43589 17526 10402 74258 67581 16116 6216 7138 55434 3285 38448 58007 61478 11172 58683 88559 47072 90345 70341 34594 85263 38529 2282 3676 64180 87501 48575 46820 40949 82534 38420 84537 59 48821 75146 83991 81289 97713 7480 53074 998 45928
27433 62475 73451 86115 51033 20522 76460 37726 55116 78074 76254 73749 81749 56785 61250 30323 3605 18550 29209 58376 19438 29267 23548 10935 29610 4836 8648 37089 74262 9645 99368 1694 88471 72819 4160 55855 9692 80619 93580 81159 75045 86185 71260 56793 42970 32509 3468 62926 67410 49028 21301 86847 78294 61200 97781 24255 66036 22780 61344 56649 48776 77063 58342 37246 66233 62501 93101 92277 59472 3032 73435 50868 89217 44694 7660 48538 93554 27479 11463 60963 76506 49115 64161 71152 10314 78294 95406 92701 1073 73101 49349
49849 66516 24042 87094 32748 2895 96546 25024 78718 15930 14811 29585 5146 59504 53596 70035 53058 81075 81497 30372 73932 30611 94533 61435 40924 72826 73193 33625 73898 62645 99325 23746 29160 23367 27192 78260 42613 40089 19635 21330 56018 50797 50914 77515 10301 4509 47549 79710 1935 45397 26433 92219 76007 20965 53653 33283 93790 43197 83259 84040 5842 98935 24137 51353 22301 67680 45964 64913 7769 81951 2594 80138 32747 53507 74005 59399 74368 21553 39108 76302 66950 65541 84872 59308 2857 38525 8942 12999 98073 92200 97038
3914 91135 21174 71619 29787 5206 17582 11052 29326 99532 13645 9463 32279 83504 83467 91677 57871 21372 47137 50524 4673 29029 35396 80332 31885 73920 89274 44883 88344 97825 58272 92258 5311 95798 63876 35098 1003 97809 62501 30328 97341 92497 56142 45971 76000 39609 37647 33870 77332 1135 84394 82004 30163 19789 62335 78400 10060 67960 23282 98403 65785 97906 7012 71095 93703 87239 22544 94705 85048 1396 41384 82388 93893 97525 44710 69892 53485 82356 20114 30816 99843 20859 29171 30005 56999 7858 8404 83410 75817 48038 98164
41601 45943 5176 29048 39645 8766 51591 50701 93813 52987 92084 92552 63231 89608 37261 49474 43093 35969 69587 90260 35811 6797 19431 82167 63795 27288 90571 47204 3104 54960 45368 61057 17254 66895 90104 56898 75660 58046 23950 85825 11032 32385 78376 90614 21992 31989 40088 81436 67957 26026 71696 20119 32823 7478 2285 96617 51117 92855 60173 54220 64166 5540 31628 81419 88786 21731 54668 80797 79777 94969 66621 7160 27353 44997 97774 49345 93337 37861 47132 61293 63886 35179 81411 13060 42656 83695 9677 93772 92902 69849 64344
73419 91740 95971 71190 96877 34054 25857 77673 30182 20826 44294 37341 48178 5642 51466 13874 98978 5678 61006 76622 69564 12536 74384 98975 71544 74430 8651 65315 83683 94851 46010 57102 2942 58333 28291 16170 92386 70499 93843 22567 7676 54488 76259 55854 60129 27725 86079 75458 33402 63436 68431 19317 75972 59166 18292 47515 33595 43294 29181 17278 38145 75191 90731 57438 49875 35373 73608 58612 5871 83802 81178 13547 38289 73788 85752 14769 1512 71830 90226 51266 51618 75008 86934 27589 34173 5225 91455 84119 64871 20635 17748
19367 12177 8478 76804 62051 60202 66763 20662 82425 50564 18191 12323 88852 91979 98074 3620 9842 86255 10197 77459 37872 1556 64393 81812 35728 85969 73266 19847 50839 93901 37594 70205 6077 62424 63361 84480 22625 30123 5141 5049 97039 39684 33723 85890 48014 31796 5862 57855 34403 32410 51666 88626 33966 16058 70438 86045 18378 60055 22243 69217 70307 76189 55773 92736 38612 19133 77215 77588 49256 98707 98989 62646 38390 32711 48535 86403 80859 70748 60610 31613 19510 28627 20238 69827 44684 7027 55871 79413 67082 94466 48629
37388 70654 4402 30123 25617 39886 23689 3204 5493 22396 18544 68138 77137 51255 33025 79892 48465 3772 40501 80077 39633 69127 314 9459 30162 23693 81682 9574 90774 76147 74555 44513 46800 95308 74636 72416 51545 14676 91971 57038 37071 10515 25175 30560 78121 74551 10451 42937 94675 67303 23013 34307 36429 39678 43766 82942 63370 25447 8867 70495 17945 99773 15008 64744 11432 5995 53511 62977 20670 45481 20014 74093 72347 61540 4652 50467 36091 15102 9755 30765 82404 32767 65071 35184 88797 25188 34477 52166 66986 59695 39013
84930 59468 54020 66025 87251 76366 19535 50227 97035 81368 86592 87479 53714 48132 92130 20533 574 7231 30287 47690 5986 63054 29112 57521 68202 54300 91997 36719 37637 51692 75731 22567 27511 29750 88591 14761 22467 24478 64988 35854 5845 67931 23332 59558 32414 15462 80090 32987 39044 10377 80676 61382 89782 9788 18902 74335 80439 10899 11053 18075 78942 86784 56993 6452 32885 45584 37564 55352 70061 18903 91205 75905 86834 14536 51814 19247 46349 31904 68586 85393 58632 49261 63126 64765 75400 82027 39099 55838 92925 50151 90265
88218 53286 47257 11021 86171 9192 48585 41522 79252 67487 49078 71508 54320 79965 23322 89919 26314 71577 58504 28058 46560 7764 91183 27676 99516 73209 83126 71705 82486 33276 61969 70703 86562 25578 81724 89084 34769 46660 46957 30373 14146 96034 18232 84818 75998 57905 74736 2311 45833 33239 46720 92392 57354 37902 36419 73221 11111 19544 44926 9948 52820 23246 80650 55733 65175 78725 61168 99944 25384 8124 46668 55882 20509 64899 40699 96506 22804 15434 15169 68636 65024 61888 77380 22377 16142 13798 11950 27252 33342 56875 53551
2513 96472 34200 74597 61647 29277 35764 77942 71012 43887 24609 26893 80747 89507 67591 93604 12310 99376 8772 97298 64399 87012 74677 3128 19505 88474 15077 63108 38167 88303 16658 40679 84774 50857 15275 62772 96485 51038 40713 67497 11276 65321 94389 8374 54828 78332 1978 83489 77707 10749 80786 42106 14112 71814 45233 33616 60288 76661 96723 14806 64963 13380 55485 66088 80589 87111 28860 93425 54501 85924 60921 65776 51245 71662 90502 22424 49993 92479 22264 27699 3227 3050 86156 33691 91215 31388 83658 67854 24400 96733 82660
89362 26464 38144 71802 23404 25254 17013 16829 79754 2936 94101 61882 70532 82114 52383 9307 32106 61213 31571 76157 64439 50972 62312 14481 42186 10052 14491 10040 34451 11223 92699 40165 37686 47194 28318 77442 88799 45330 94270 84905 64617 4722 63138 51501 86836 31872 60807 35293 93084 92377 11449 73874 59700 90113 4707 1886 16516 19197 11925 67318 30419 20975 23834 84456 84520 52151 61897 73318 13832 72518 74574 78449 77240 37711 29949 64075 69582 90755 99367 79017 99484 27168 52891 59183 33632 57597 77420 66499 76793 5696 33816
23563 26670 74002 24370 27541 26152 86267 859 56336 75136 75432 34784 52375 29495 81084 32801 15428 88190 48520 94445 4025 92039 47335 63208 25670 21283 40627 92168 98075 62675 42335 37989 89344 16336 62358 33237 58840 64976 34095 15175 40112 25878 66310 92486 71724 47393 41639 87152 51934 90158 81596 55959 82196 45282 35518 24217 66564 92496 32736 64638 55170 91422 2626 60866 7758 81335 94102 82949 46311 44548 98123 86422 86777 80784 95259 58501 44528 36897 45652 96461 27054 43599 52419 25601 88880 4288 49817 55443 96784 98904 36432
68305 90326 55409 29170 14435 36743 23271 97383 99405 84170 11857 85826 70947 92640 97437 45799 37167 34333 7802 33627 77739 51400 2398 19691 56631 23037 85860 28425 19820 84763 64856 88125 75088 36616 33646 89522 89710 73269 3256 89115 57438 15112 91292 44736 7751 88728 90534 61269 39413 98335 94896 17151 66086 13645 36841 22716 53033 22700 51140 72853 23815 32347 77329 98902 68962 10974 4776 75024 84242 8031 64138 58032 23143 71781 2767 47245 60509 9653 8514 16273 7987 19761 33423 90425 49757 86615 13140 2789 25667 80632 91993
49481 12978 69321 64734 98292 96647 69509 89667 97240 93892 70156 55271 33386 41936 74390 80630 18796 84042 5495 35068 8380 25255 84842 98804 91363 71457 28296 94152 97123 8927 86144 46603 38256 71817 27688 52899 68463 97197 42565 65702 7440 12720 37325 40825 71008 11714 21454 89803 95755 43301 41223 20486 68555 26064 19290 59918 13872 47585 70421 10994 72863 56564 73948 11118 28380 1636 80369 13194 15184 39285 78896 22623 68357 32572 79799 39364 44285 1252 45518 56391 60904 3092 76876 29459 29156 96165 5728 43027 60101 76148 70373
49315 49063 60672 76785 93795 62307 57153 6988 93842 96437 2235 32816 81145 34806 12614 20508 95442 30218 82378 51832 91121 85469 45060 36931 30976 57576 42658 74003 17677 35157 60727 66991 572 21398 43775 94366 57 17279 17705 93898 30068 19940 26714 11212 71097 39327 48072 66539 69544 30449 34722 60665 32269 79781 97595 63245 37357 56605 53599 71385 8113 30677 54727 8684 52074 98502 19401 52130 32132 37106 46028 62199 73397 89093 73411 60845 28419 21482 43735 14315 68282 78457 91331 16902 74589 5277 96498 11945 61881 66448 99681
69994 97124 54408 95029 49198 69261 14430 1327 1392 51535 63706 63591 41283 52798 53353 2127 97569 91186 45862 28235 75819 40670 19565 92720 15258 24841 89218 43555 3074 72017 43235 89419 69141 13994 84447 34690 83254 15228 52368 84646 83114 16074 64588 24396 85223 34292 26523 99143 25477 88736 27377 1295 29405 63293 94014 44662 4486 99583 88216 23911 87952 47803 13329 57092 61796 14127 8133 45050 45707 60500 46047 28820 92925 26986 53216 94500 61277 96090 93642 86753 84825 37371 4399 14229 17015 98412 75242 21500 14347 63458 61762
18650 27612 75090 75741 89407 5569 225 50808 51275 60724 13206 80094 53649 40191 49661 64500 17819 62102 74493 20923 46926 11863 25321 77506 45230 40085 52748 83081 54431 32557 44843 89432 60168 36284 65172 65926 41852 65396 16734 93126 42471 29939 89572 12471 86482 55584 76970 4300 17686 51463 41575 64611 79677 66895 58469 24906 6979 11216 7987 77761 60124 69181 67192 20291 5464 48715 86216 47316 30462 19301 56793 72933 65592 62716 85403 52073 18300 78725 72724 35985 30187 14298 16947 9863 97545 75415 51121 4523 2982 75459 82284
63105 44639 49475 83395 66454 98190 85963 13769 28651 5263 86914 17935 70854 49629 19690 39278 84280 98414 28354 20264 44952 59003 53563 71166 56547 28977 22286 61070 48311 14096 59705 11415 75086 25531 11162 41540 40072 97124 55308 85075 18738 58573 3009 5944 8202 22698 61573 92481 37463 89926 29097 82414 65281 82659 53580 21827 27987 92217 99248 76297 6313 75304 4064 81398 835 15225 22937 40906 28700 94597 25980 47437 53169 45341 69732 77722 84390 31305 86555 21853 21230 32003 20618 2862 31013 74197 41041 58999 82766 56640 51648
89078 31944 72063 86827 32778 87287 26116 90035 32338 37064 32367 79774 6584 77707 49506 84306 62096 97162 87212 300 18391 19214 20918 37605 66578 11466 78645 41928 94231 35284 93575 99660 83579 81989 86487 32708 69275 28954 22743 1612 66017 55109 97738 72600 49167 63595 56905 27614 60756 60468 27914 95498 96033 65183 33102 62610 76648 28098 4538 87231 79734 14464 86890 63312 96453 89728 96020 82079 18681 18762 43 84697 90222 14132 57297 39388 94078 30553 83353 54833 7373 11266 66682 3405 92800 16136 82367 69448 60585 86904 56678
40318 17719 59919 3630 30523 49647 99649 28954 68327 34762 45348 69376 24983 59479 26672 80722 53556 57224 80426 24740 64596 91692 7773 84353 84491 23908 66719 70290 84493 69974 43319 24810 4044 3238 44791 34567 69236 44439 79872 37562 95552 25219 23289 36886 84697 49960 33959 54604 23536 14385 95695 4483 6076 3467 88835 6918 43727 71905 93560 28219 58230 53230 69380 62274 56467 30523 13192 42054 74961 93063 95968 86865 34633 19256 23750 35681 69216 57709 90284 9103 72093 85978 13585 94520 5796 18772 17789 49522 7028 11348 94092
65258 64578 79824 27531 37396 10346 57074 79450 1658 66488 91769 88522 1120 11024 28624 36800 80239 86332 43435 5693 74776 45764 19278 69295 51559 54401 87083 17433 61428 14783 11524 26685 95712 7699 70567 33107 18044 43992 28908 36054 10479 20676 40927 27950 48052 69550 81101 44642 72233 24535 50335 47008 70298 69612 16302 38209 40364 19737 71993 1791 34519 83516 44828 46582 7567 15394 79688 41962 59386 24948 78015 86216 61975 35294 14166 26378 4843 95266 71020 77076 36153 21354 24083 6450 7317 56737 61010 47680 76473 33002 65822
27343 32870 10649 73924 40436 26043 69963 98749 1780 11262 76764 87995 73237 12057 18512 15966 33251 13778 86985 26678 49930 8338 50761 72731 32006 23849 50093 79685 321 83094 61859 27663 32315 72507 17938 89102 98549 87900 87851 16680 99162 80966 4675 88750 9374 23186 4715 42624 53315 8052 69302 3244 16389 36414 92327 64747 60262 42419 60783 76934 41864 22641 4596 74179 95148 38885 63280 10048 26784 67482 26728 42297 48447 47754 47398 57820 70939 52113 16796 40606 60164 2449 60201 92904 38862 52527 57650 15475 11297 18433 92408
53161 57425 13355 43691 52572 52239 23322 62620 95374 7156 89347 37671 55602 37100 85068 29774 24390 53532 62921 81347 30047 65369 41548 39303 20582 10426 13304 36056 21723 48088 28463 91235 5513 41817 51277 58084 10407 74598 37055 5780 81753 42753 59802 53707 79852 61222 99832 20594 14753 62752 1940 61152 28120 59839 454 65053 70265 30109 1108 91987 78197 45922 99573 83709 4090 50849 58144 14496 41798 95199 36627 39903 37951 96429 93609 34155 57650 93440 71100 88754 72543 89391 49905 662 49230 66710 65714 19494 96819 83173 27832
91367 29094 43756 91427 33183 94604 49570 64030 36401 61120 656 76303 15423 97084 86263 65929 71085 96054 37028 59839 68596 26418 26095 69257 91999 9157 51322 27844 22327 50846 55675 13693 96291 99430 21471 45825 10385 71040 9854 63138 48512 26862 55792 63934 40297 42055 29862 11382 38108 83241 87572 6704 26010 30018 92312 18009 55526 59986 45852 77852 27183 17879 7896 23474 33660 29366 69298 44045 16758 95504 23534 65269 22365 79325 29202 62661 21379 59063 90394 75839 58655 94317 82542 84664 24335 91205 2672 79860 67542 64876 74064
94725 82754 81959 18198 32765 27677 3847 93161 44434 99350 16694 9702 38066 96019 55255 17079 17397 30669 7472 9587 89323 1789 8480 73986 42475 99685 76658 22334 83578 57885 96397 78302 56990 94708 12851 89754 22384 16698 82915 66817 32399 99608 92870 70465 95626 48124 87543 29375 78792 11366 38961 68114 29506 63793 42099 71980 63477 35108 94314 47054 92992 7062 41708 49981 18121 54558 39735 40504 87607 39001 23672 20006 38608 16541 6822 50586 64664 10716 96312 59807 38433 51624 27920 67939 15416 86371 39918 95244 21478 50583 42298
14470 73997 357 80802 92117 54914 36888 32621 58873 75888 72644 78878 14496 89185 2051 81433 70200 29118 77744 30007 67550 29367 74278 35488 61135 60648 75406 56378 82126 42340 15027 12947 16336 15383 93748 8453 86649 30636 57425 45521 6523 30068 40750 37370 19252 59152 35154 5804 88269 12897 35810 55818 58616 10087 7658 36102 87087 83063 92479 69212 41754 7506 98510 58090 39240 92257 66542 25888 39244 23966 87760 62119 70385 28509 15840 5989 87660 50994 11792 92280 80242 63953 48098 55209 90391 72107 91310 77477 71521 83789 46688
13274 7646 45197 71363 46885 53806 54256 89125 93049 94573 76884 71519 64958 21745 87359 70946 25756 38352 82737 18036 34945 46689 82485 90154 37079 54591 97815 14556 26111 97955 77595 39384 5600 39144 27099 68837 92949 81354 57961 2349 92279 51196 73868 57236 72940 77578 28181 98696 15929 27269 33083 67225 90309 15567 73730 43739 86509 71545 74646 12619 69499 68593 68354 91451 7736 11804 60287 17036 93158 34599 19384 1788 2146 9603 59023 91438 87180 3555 6485 19460 47175 39567 86685 37483 71485 60414 97573 57993 48310 72219 86963
17809 40811 71668 25611 64898 83472 85897 81933 92981 36847 1316 94768 55344 10919 70142 46781 14450 73696 53265 33910 37222 9183 36946 74704 80667 97359 88628 55011 62021 60846 58325 79829 18008 29993 5439 82905 29816 7687 81189 22796 60885 82505 33915 32580 9775 4056 79361 24224 94103 48977 74485 31324 74512 11430 22379 55178 25141 11006 26541 87161 88204 84865 83341 22563 31209 5131 21820 61024 29169 3008 171 90053 1864 34085 38984 11638 54492 18344 52214 64946 83673 26698 12621 58184 54480 34999 29713 79620 62357 56253 83132
66912 57470 66472 5826 88678 71602 27645 49702 770 47005 49872 7174 48868 309 46157 76858 71152 80853 29071 36098 64525 72120 48718 39060 42951 69 68772 22570 62425 41377 22053 45688 98846 88524 51513 87523 76477 79158 53576 77246 26162 3448 771 91381 3756 63280 68238 74907 44132 13660 27356 25008 2132 76074 80419 45082 76142 65542 84004 54918 6918 6056 605 22115 94580 52117 9638 71056 47626 63213 64654 90139 83012 81776 81520 3119 45055 49757 94378 5538 79769 21733 30545 81900 14158 27315 26981 6651 92857 10984 61568
99774 17040 78524 21889 27971 30641 47878 15378 94618 27442 96383 84757 26806 78159 66276 29924 39565 32384 40653 45103 28504 62386 91999 10403 92895 19314 37384 99546 28522 64719 77465 28295 98110 55989 66535 26080 2981 30764 57810 13950 58206 70544 98706 85011 48702 81333 31286 4619 30069 71939 66073 58572 50676 58071 68975 43570 93736 22710 59467 38609 3780 53284 66904 1890 9272 49790 44321 28604 80554 18482 42553 55111 89026 57611 56473 54079 38943 87758 58697 85363 76048 24769 43935 26723 99192 29261 86645 9279 68322 46111 47888
72101 99394 31143 73990 25017 80932 34663 69972 77837 53144 12525 49299 42169 86487 5771 96248 25429 9881 71296 10792 85928 96065 71078 29003 11608 16690 15647 37238 85011 78109 85125 57111 93855 32619 47453 35223 29903 82115 5195 7739 35258 34071 73390 93779 20557 79160 90026 62337 5392 61321 89480 91320 73737 60557 36674 1696 77246 68672 38934 78608 46780 40410 35719 56986 73029 99523 92209 19283 81637 13755 43373 33246 64177 16762 27024 1085 95922 33401 63421 1313 11074 52901 8984 84810 29809 62009 86506 23407 30680 41791 2014
77460 82200 54084 50797 71580 53606 59357 90862 51594 73111 34235 84840 53639 50996 28215 54723 63269 61616 34496 80934 72689 3748 6269 73850 33556 68278 76707 73314 98957 18497 91680 92768 17049 62115 43565 88628 15721 2921 95842 67314 92384 30076 68505 62374 97423 96720 17097 77044 58335 51592 57977 47375 55339 80597 21224 5246 48874 97931 94912 47831 32779 2943 56950 49827 65057 514 54807 80777 19787 50648 64443 28522 97075 49299 90895 10849 46018 7991 87892 20704 75934 62220 68078 47624 42817 5654 69222 91690 3584 64133 55872
52714 67075 29174 2541 48483 46039 73699 45612 65825 24346 10054 10698 37772 75704 1593 64972 21722 25935 52864 58777 18221 31435 43207 65844 74251 48860 35065 82293 68795 15549 54516 21508 98975 83689 40400 47458 29728 14098 93069 11904 54795 19474 22602 92566 95177 40546 73890 33250 66480 43105 92027 84700 74539 51585 66896 48790 444 1960 47434 69238 33861 1949 7097 32835 85638 47497 80292 31717 61594 73360 43620 16389 92833 82573 25306 4362 23118 15547 37611 5950 58651 29637 90649 33190 81221 57544 98331 98016 75856 45764 83605
9716 47712 90702 42550 49701 54550 39194 97769 32495 12553 57741 65235 21738 40313 6893 26099 79783 22439 63709 85732 81090 9698 76380 14279 7270 50276 12609 21638 42483 74724 5242 52198 22435 12295 11099 88488 66844 50292 86256 15691 79197 60348 80925 17286 661 87817 43384 96795 10256 23444 82526 91345 49493 75257 21975 73115 41884 50935 11104 84366 25658 32697 36563 48092 44992 47662 52931 28187 14305 55539 43877 9853 15886 24802 27138 16546 28970 86873 29692 39225 26669 12217 46921 92513 3826 68895 65627 45709 19829 93082 30075
61838 25779 66637 26282 87122 30650 79212 15308 61307 34750 75537 71159 50636 16690 14649 83533 45659 1521 13225 84884 44541 41793 48156 37054 45618 17051 19032 91327 53231 12114 21401 15069 37892 4389 41350 25013 51391 20561 56672 12697 71663 48560 207 38650 65249 14855 22182 27260 32728 51758 28495 77268 93551 76650 14321 39168 93700 49705 46846 63283 61818 68246 78351 16061 88987 19700 57425 40377 56612 14096 69425 44626 62656 69631 83275 44256 838 5457 71515 33565 73566 9 27184 67116 93011 57857 22636 3062 7561 85833 66344
69378 54079 44694 1790 59417 80745 59214 99793 53709 89661 69217 98334 52316 55199 81609 12924 56036 3417 790 5952 76982 17151 49488 60450 10161 7344 83085 13222 14904 68917 79566 633 39347 40611 2422 98763 37708 77987 14907 91416 67647 475 89749 36315 72026 71357 49238 44413 91125 66379 50365 68107 83529 99852 28556 93689 23547 27992 23263 38450 13260 2828 55434 68959 59790 74207 84073 97497 52193 98980 88912 36191 15806 95013 72505 87831 82721 38094 32244 73846 20825 98960 41952 4353 15163 86859 14394 38709 14850 37656 93510
28109 40483 48943 13419 16624 23149 97492 14121 91693 96471 3032 44235 28628 98044 16740 16459 80765 71185 65054 70962 8361 64013 12913 12714 79175 16123 27107 17883 30972 64762 27744 75432 21596 76686 88851 38219 16186 86342 52339 24230 99164 71723 68464 44143 86118 1555 60601 83234 72740 25654 54195 97452 6018 83459 10165 85192 99581 53623 19426 46904 18384 47169 22336 56331 23854 27538 94550 56391 30231 63240 80620 45746 51314 49084 89888 37432 50638 66841 37017 39729 8846 7564 37181 14864 91022 63697 55 6955 17320 19481 53858
35703 83001 92545 8386 23207 36434 19287 79597 66664 82526 60217 28761 50192 25652 18649 3975 76289 1841 40991 32370 10686 48554 85902 25549 55928 49598 25604 62882 66917 61436 33091 18972 44436 25636 27357 83994 62069 46643 63591 45085 45520 40159 73845 95711 65810 8845 99685 58450 10685 57028 7171 21371 5581 93072 63271 77860 42670 88874 40741 9586 66661 90184 28557 27449 15819 55913 11442 94239 2555 75032 55675 64427 31542 45872 60137 97351 71068 76174 72153 98105 33201 79323 35827 55133 72395 99097 32993 15064 4323 90085 41001
70983 80268 69558 98431 12438 41822 26225 23029 60729 1256 95055 25155 49150 57278 1643 46500 28346 77816 35004 26450 11016 14327 78628 82501 3073 77724 15493 34488 82046 21929 75488 53029 18549 61397 67811 47338 19571 94035 86718 96651 11643 81773 21805 60792 39050 23447 23643 83747 17615 74999 26548 28630 5677 5175 27482 8749 82899 59326 59588 64944 81255 51427 34324 99803 12824 18487 63492 48746 28873 50210 45396 56867 31982 83552 34010 87383 6998 74005 71130 40964 49003 14029 69594 71031 19204 13427 79779 18454 72753 55718 99749
54007 7144 50425 70161 36319 68911 33652 85064 14135 83861 46811 71002 32194 30362 5011 35929 53712 95367 23410 94675 44369 37438 80620 15399 56641 94047 11529 91446 66799 83598 91195 37157 90742 41619 23669 43412 10529 57320 44828 24663 57533 91638 12016 6078 22000 33379 42006 92063 28745 65415 86737 73114 19205 67357 4864 92197 77755 32745 83643 60905 16342 74837 98061 7083 16455 21729 50495 43335 95400 11674 84349 69284 3311 96365 75362 41662 46095 33719 33724 74839 15486 36813 64304 34690 20521 69168 26886 98275 18264 10528 59179
34605 85364 73591 58040 18170 11671 24886 77856 7070 36559 62205 76354 39869 74921 68067 97883 21015 18137 31606 95853 33622 84770 60157 68311 5290 45676 11549 19916 63939 22076 95446 14895 23792 69036 72934 58313 80706 97819 36169 4128 34377 98373 96833 90598 73293 81251 88480 10659 99387 36437 22863 33009 21207 83019 17671 42848 45046 29219 62764 25336 51295 58209 40231 91438 27245 13164 49750 24302 27335 85918 44781 78063 642 41613 68660 90286 22863 73491 944 38602 26280 23807 71610 47486 23177 89280 90333 84575 18499 69448 9910
86145 27657 66492 93934 71253 96008 43683 95554 23342 45953 56687 1404 46594 98299 86416 36880 37514 59906 37823 76115 2537 77981 64076 50022 1158 53355 56707 85732 88205 26154 11993 90701 70162 78485 84634 41414 74492 44669 53320 14185 90621 10006 15588 37214 24656 18355 74093 62169 94613 28268 54635 97149 6248 18710 47171 23757 88417 20229 25840 92973 62734 37833 83674 49248 32669 84659 90661 7160 29327 60332 21344 19947 70337 53283 73513 11345 71638 47605 73513 66250 92224 44500 79750 14824 79561 26920 54932 67977 63500 80772 60950
42586 18604 60975 91833 67624 45633 98845 74783 91312 59177 12478 11258 45865 82112 84770 57209 70101 48727 47074 52702 57302 91573 32452 88477 71133 75723 43409 55462 55575 24180 32763 98160 59135 93737 6344 26758 55721 5188 17892 47032 64364 46721 74642 10229 28832 75763 67437 15285 40841 14510 67986 14495 22434 437 2971 93567 92512 46379 49028 48086 70558 81790 46245 46044 91878 68940 72801 63950 74127 7044 27334 38491 53764 1975 65071 98948 94089 48859 14232 51282 79721 98569 65776 2154 15358 68746 95720 7869 15125 61099 55954
2034 59240 18550 48078 67469 87489 37230 31419 77967 44274 58752 32809 98037 77078 97879 13336 71166 46738 27567 38799 26458 26136 4574 44963 41493 89672 57035 49361 4796 18133 21666 23181 93725 56567 87610 61193 44055 24840 8963 38373 69113 67714 71182 83501 61143 69060 96837 48661 32149 40755 87459 74958 66890 8385 19921 24734 98056 76955 90446 19203 11439 12111 42383 21515 85029 29993 99060 45435 71184 8022 83808 56648 92088 54989 56500 53230 24048 53336 18242 72549 10443 5701 63858 77332 14085 130 18418 12140 77084 8863 47694
4875 37326 90076 42741 22354 36420 41800 67789 23955 49822 51596 80602 58261 6584 53454 27842 46983 23141 46084 35883 33583 68136 99741 27267 98572 99870 45684 27063 93306 70898 74756 14532 8223 64831 57272 30577 17603 15424 14717 57909 81597 82664 38511 39857 89247 8316 67698 52581 31456 30133 4816 65039 98268 4556 92305 96839 20777 37988 23901 30434 8885 98656 61317 33460 79839 18589 80388 13793 50364 95104 71701 31960 77767 26563 71816 83365 34878 55865 52297 66334 85998 57112 47724 617 78019 40028 13808 98796 94367 54060 45581
19603 69068 6898 53062 65258 41838 33449 79050 92201 44904 67102 24160 39022 10017 12327 22386 61246 68191 91035 27579 70540 48146 75302 87509 26165 31681 17668 41312 26047 71727 86892 62002 57146 10141 15063 22403 68330 64864 17804 76882 26119 1258 17393 65141 11274 29719 3878 72519 14262 94912 16450 1153 59410 8103 5013 85574 56136 22680 43237 82182 10759 30128 60535 67904 56621 75598 90307 41302 56813 8110 18184 99283 9367 35576 80775 36992 81647 1005 25863 12260 12268 42312 13412 71677 66766 18425 73602 22901 41104 16838 21435
51862 63318 81969 36118 19938 73918 26424 77591 30730 50885 95774 46365 76604 47702 27139 13595 29348 28143 39457 41607 40411 98120 71370 12087 64886 6146 85689 4138 47250 2526 25572 15463 65843 23893 51580 2132 97810 94355 79723 44892 45240 91848 91256 21843 39549 18394 51789 85248 46537 7598 43206 3299 5717 14576 15385 86954 20721 17425 7444 84322 36303 33015 16137 18497 56907 84068 20629 71069 78423 16703 15960 40014 8550 23567 78208 64451 41960 29996 66050 4848 53945 9256 8146 59662 40183 39883 62967 77255 73659 70410 77929
9961 19777 10417 28458 93035 10836 65438 64103 5610 98492 96414 45623 7041 19980 40182 87843 78292 86530 53893 99491 40474 79500 23989 135 36034 63871 79454 13288 53881 49863 7568 63842 85991 17984 8651 79026 45172 74088 59480 50781 72579 55894 96404 95971 92225 52937 166 70516 39466 54058 86359 79940 49909 10347 96426 85942 90569 75879 99229 44449 42094 23149 8290 28084 57484 33292 23461 2655 7379 82941 53436 96309 38834 66191 8632 31058 19127 8797 17926 58593 62854 4284 54884 12762 30982 51309 98703 21550 43540 14283 65998
85633 53783 90640 30068 11267 23931 53529 30273 47662 36469 60 60322 75302 66250 68953 22711 1729 77749 56988 76673 56954 77623 31556 86067 8604 82864 1121 30153 26403 31756 12503 28387 85538 19494 58455 13156 59776 11983 43429 23789 64803 43488 84111 56456 26090 53063 95518 27818 47164 52506 4490 4117 46480 52397 90184 55084 35260 7656 1588 78015 39411 30442 22753 24949 49935 81207 54456 9711 9541 97884 33499 90695 57724 33961 47150 165 3376 42668 44334 50539 11525 65175 71007 58004 17571 77542 13087 69182 85198 31027 47196
24608 61468 69949 65908 11403 67507 20364 37465 93400 34599 87315 84094 92322 21276 31244 8838 41003 90263 53171 91541 1787 18345 62547 59790 35915 56441 89229 21449 41638 36607 68644 66245 98074 54944 32153 25828 38803 68868 79644 32202 3466 83311 16295 12140 20938 47538 20977 61940 54152 90500 53480 55938 8844 32378 32080 61111 5170 37660 82559 46807 74266 67554 29404 88691 38850 77908 30871 77652 46775 10514 9853 50240 93824 26147 62379 31113 90037 99708 93052 44188 90207 62883 16478 15402 11613 64909 92864 16782 18920 91774 63589
93185 59328 9344 98227 14529 87251 29097 92180 34025 55963 2032 616 66138 44530 79347 97251 50918 95406 6654 11458 85612 69537 44287 17365 81149 9195 10229 14282 28114 2002 94222 37650 77681 3565 52228 92209 90815 97677 740 41191 53639 19123 58159 36128 63653 37505 49730 30922 32910 72736 42379 34873 42272 3017 52237 39772 12211 78817 54053 56676 97171 48275 94325 74851 68191 46553 83412 59006 60581 84151 16548 30571 3274 74706 66698 83278 12210 32780 14199 61471 5515 72930 96343 64138 75946 64932 20261 4509 60100 74313 61184
57270 38939 71861 48473 23482 34765 31884 82487 95345 32386 15386 25915 35659 90092 8964 35288 18653 58095 49487 80124 63609 38768 92818 44098 31065 74101 64358 35573 34201 38671 13109 91470 93961 84969 39942 17442 36085 88177 16280 47781 20563 31666 73695 72573 38109 99010 7861 56761 57105 57347 53236 37065 12466 46054 81163 43530 36506 45520 95455 70706 542 8563 78528 10855 9883 34821 44648 62319 22998 77280 10099 43560 25297 145 16132 63405 99154 40344 20165 72610 14042 89753 9675 26507 35806 7189 86389 72311 52708 81843 59369
69602 90405 37896 80456 16639 72716 41455 78957 12065 18734 5407 55624 44030 5551 88108 7434 21056 28451 43951 93666 42493 33703 19692 85351 85860 26880 71739 74522 95939 53581 33890 81892 60337 88137 78699 93327 77205 20154 72283 89269 38887 94041 44893 82917 99591 49352 6702 20647 94154 50652 30664 52998 706 66707 38349 86565 93586 26439 77439 5876 80020 27680 87768 56708 15817 66466 50035 93021 2971 38669 82289 41858 32710 43533 41126 32300 9236 47827 69298 3390 14831 16313 72739 31888 83019 11087 34805 92956 37526 12243 98832
33897 39922 2951 90604 72090 85768 40638 65110 88739 95659 63751 46948 28368 23635 88073 77019 32871 52251 46317 36260 83433 78981 25350 31673 62000 36437 66477 54955 90314 95071 53786 40562 51344 73088 31165 23434 75208 88155 4895 80298 165 84997 27245 28532 8632 31669 5550 41502 271 68218 94113 56 47199 19462 31728 9198 72250 98204 80504 78915 93274 34290 19476 60969 23729 66993 84402 98936 71499 5649 95585 71663 90645 22829 16546 99276 70849 22095 40777 71120 6665 51241 71175 70215 70703 2902 95764 59304 17457 76267 38219
27082 26908 74046 88050 66989 41038 88804 82276 28888 94452 77861 550 85096 689 17095 724 87890 55542 41500 59009 78558 92741 46535 48772 79795 49436 60887 39098 83244 53505 77316 10325 80413 51362 14726 47401 8751 3529 46028 37639 97980 23888 54540 99428 24577 87987 151 12466 43528 58002 87826 22085 50742 34360 87208 46888 147 48094 85986 99742 1598 79653 10066 98362 47366 24791 62114 72469 44672 8142 10107 42651 32029 80998 58430 72957 68984 58580 1774 12511 16582 5951 50947 83675 40310 54506 46915 56808 2599 32900 56549
20549 28904 82966 35262 92622 7757 97376 65090 52428 21869 91548 11430 53897 72545 69860 43206 41529 44791 61331 70391 77724 67282 21338 61399 7591 75843 24665 80751 94794 57564 37299 31694 2819 20265 66955 95440 44373 80682 76881 13152 2550 68428 40933 72799 40973 27144 32356 98853 88287 93686 69243 66010 60967 90580 43760 84910 82775 68424 65660 93920 42339 19310 25613 45158 55926 8919 56949 16650 5953 50182 29801 8502 18609 87086 97652 75933 30581 30007 74785 18867 40045 44028 84877 1011 50959 44988 85920 50085 13412 51579 44004
55750 87241 85968 17259 43166 11239 90560 59816 17191 40741 5968 42044 75701 9405 56048 51634 39986 86054 42770 58852 42450 86797 60080 43461 54108 5068 45732 4192 34831 13663 64548 90580 903 66867 24191 44068 78105 31102 20235 11647 71842 26203 53691 63894 51959 9738 31879 91944 12143 74649 67148 54593 77797 43579 14405 31904 48646 60136 52448 83476 73798 33347 90408 74700 213 30950 35120 94670 62051 55354 6316 50244 97908 76358 14137 49867 86095 46016 58162 14590 20664 25309 69182 98460 85240 99938 46716 33885 60073 15515 33713
33871 48861 40472 24922 65425 71421 60041 60094 33471 31747 82762 66 46006 75471 14202 12224 61566 76569 70386 92507 13584 12046 78040 28396 97285 77977 75111 47522 38049 90625 97586 71919 55837 38057 96841 21261 25829 73233 97707 75651 4979 96820 75716 50985 72290 6269 63208 50207 82838 49945 42713 12773 61991 20752 41168 75627 98728 32630 39500 53129 39606 37085 41399 95442 91493 54591 33055 17321 27824 30761 92971 49154 27580 85038 16490 16221 91307 96050 66428 90496 45994 9140 3268 24336 29892 44436 99963 44971 93417 39462 98099
33023 92899 55850 44816 84391 10440 77870 1712 38263 8630 11034 3769 52561 12424 20258 68782 3730 16307 35209 10577 78653 60700 13844 2988 6943 74631 19302 51914 84400 75116 66364 17422 68014 38565 62237 68756 49005 40107 86819 3619 65088 14205 7387 34001 26628 43997 2782 46709 60303 54342 57285 38955 15041 87480 58295 38336 78463 77596 6601 62862 69063 89316 80283 53428 27881 58871 22184 76885 15329 9002 80503 80417 23206 4242 14417 49833 48238 33550 12893 24892 4243 86529 80199 35635 74009 54845 73970 68823 32440 80570 31684
17855 69886 28318 71282 97766 87188 9817 91002 2517 18819 87856 99285 58376 92097 30053 24561 56686 79954 37453 97930 84196 23982 78128 19830 14342 32972 10152 83164 81763 7073 14847 15969 76958 59516 87251 91075 63055 97067 98428 81923 32237 86284 97559 90613 94732 27611 15173 51418 7564 68977 49347 91759 92958 43826 27941 7299 93149 54444 6814 91263 61516 38012 7232 54826 97527 94482 62252 76934 7900 60680 58856 40137 46963 56415 47101 58046 377 78625 25815 7941 47601 91513 16051 56911 35338 60343 80561 44838 14786 87375 36101
92654 25386 43332 47479 39265 54165 9730 16198 62064 86761 91405 18552 50075 64171 65652 8121 80900 60628 33935 5192 8229 25448 21242 65139 77137 97937 45699 21975 12722 49425 74427 5375 74811 17758 69205 30427 71922 95287 62976 50337 82047 70732 85241 32122 51255 67244 56594 32154 27872 90528 37345 36100 32327 74938 17590 25816 72874 63288 64142 85596 12713 38568 7322 3875 56325 92879 34301 44598 88165 13628 11286 70211 84359 96526 18684 35613 63770 75277 84118 91641 82157 21462 44092 30835 12752 61681 56650 85625 41320 20791 87572
70384 75710 11246 74258 48386 4124 24910 92983 92288 38537 4269 78850 39248 17146 97534 91212 80915 72810 75330 88907 71318 13143 32998 2153 25894 94678 58802 11519 52350 95945 99090 22733 71654 26687 13343 20040 30810 38252 29374 23097 93141 49994 1947 48740 67140 15832 39951 64406 4993 31632 53313 76311 44775 2662 78463 70668 13692 53616 98538 66041 65912 13980 88773 37566 40666 18467 73957 71476 56719 19682 10924 66211 69676 29222 31302 53167 45053 71252 17572 50046 2884 87236 42708 64010 89898 21170 34677 19941 91137 49567 85981
57049 63546 91105 10966 4211 9572 1274 92038 82642 20955 2962 65204 6982 32183 96505 60148 93588 84108 94072 59985 3343 97659 2692 67352 3908 40213 18381 23848 31349 67947 26180 4749 47844 33637 15714 52054 59560 16987 60444 58553 54294 63405 23756 61275 11939 36612 37775 21878 37071 31846 81862 40414 45856 905 24117 49764 41117 42497 89963 88818 26795 16143 93566 74638 66131 25632 43044 25690 58970 3487 84242 13263 83243 24349 74538 95181 60960 12312 17059 98030 60509 15272 54795 6364 16177 78912 72479 73645 37760 62442 78814
64555 94936 72380 55544 61066 14363 14939 86755 73332 18425 87348 86595 18019 11696 77484 13200 72655 6147 46610 87036 66655 78233 41831 89370 94409 20742 61849 84406 58501 40642 63219 39407 35577 51950 94951 12994 66312 9889 99748 55996 44666 87095 58942 62684 15142 36425 92235 87796 58923 55196 91183 41929 33429 49365 31298 27837 86458 9498 28594 61311 66491 91813 717 18419 43762 12019 31412 26426 38260 31159 98773 82925 34605 57714 61960 49746 10490 70547 53893 69412 25742 61428 11340 59170 10792 58989 3359 97250 84839 31952 58560
51329 23764 75628 69748 83878 87647 1159 26655 42258 48670 25427 41534 99626 99492 3493 49372 9981 74039 19616 95744 99781 81043 23435 58950 8187 82423 78660 21788 83613 10612 80347 34942 50727 72326 21041 50956 59972 38551 93962 18581 87220 19388 60114 86846 35231 63607 52569 61563 53997 88536 73658 70129 85931 97092 45431 94117 95867 24090 32256 79479 51053 12602 30772 1780 1279 51812 52735 77603 90363 46697 96183 93934 82436 56297 97131 34019 36255 66051 95581 90251 54587 69239 76732 56869 82682 22162 67337 78548 62603 99592 58027
